-0.999857 0.0165935 -0.00315373 -0.00335939 0.0168012 0.996257 -0.0847941 0.000247376 0.00173489 -0.0848349 -0.996394 0.000837957 1.55656e-22 4.59121e-41 9.65529e-39 
-0.999857 0.0165848 -0.00321603 -0.00335821 0.0167978 0.996257 -0.0847938 0.000213844 0.0017977 -0.0848357 -0.996393 0.000784611 1.55656e-22 4.59121e-41 9.65529e-39 
-0.999857 0.0165823 -0.00322262 -0.00336564 0.0167958 0.996258 -0.0847759 0.00011409 0.00180479 -0.0848179 -0.996395 0.000755743 1.55656e-22 4.59121e-41 9.65529e-39 
-0.999858 0.0165679 -0.00315916 -0.00338833 0.0167761 0.99626 -0.0847618 0.000312032 0.00174301 -0.0848027 -0.996396 0.000893831 1.55656e-22 4.59121e-41 9.65529e-39 
-0.999858 0.0165634 -0.0031398 -0.00341065 0.01677 0.996258 -0.0847867 0.000179434 0.0017237 -0.0848273 -0.996394 0.000914661 1.55656e-22 4.59121e-41 9.65529e-39 
-0.999858 0.0165839 -0.00313337 -0.00346754 0.0167899 0.996259 -0.0847699 0.000313047 0.00171583 -0.0848104 -0.996396 0.000858913 1.55656e-22 4.59121e-41 9.65529e-39 
-0.999857 0.0165989 -0.0031022 -0.00348725 0.0168021 0.99626 -0.0847626 0.00017997 0.00168364 -0.0848026 -0.996396 0.000845901 1.55656e-22 4.59121e-41 9.65529e-39 
-0.999858 0.0165796 -0.00310262 -0.00338341 0.016783 0.99626 -0.0847555 0.000380349 0.00168581 -0.0847955 -0.996397 0.00090262 1.55656e-22 4.59121e-41 9.65529e-39 
-0.999857 0.0166113 -0.00305277 -0.00341165 0.0168103 0.99626 -0.0847512 0.000161903 0.00163352 -0.0847904 -0.996397 0.000908369 1.55656e-22 4.59121e-41 9.65529e-39 
-0.999857 0.0166201 -0.00311759 -0.00342223 0.0168245 0.996261 -0.084742 0.000389321 0.00169752 -0.0847823 -0.996398 0.000880363 1.55656e-22 4.59121e-41 9.65529e-39 
-0.999857 0.0166025 -0.00307856 -0.00345394 0.0168037 0.99626 -0.0847562 0.000259866 0.00165988 -0.0847958 -0.996397 0.000875834 1.55656e-22 4.59121e-41 9.65529e-39 
-0.999858 0.0165839 -0.0030716 -0.00329282 0.0167846 0.99626 -0.0847591 0.000401622 0.00165448 -0.0847986 -0.996397 0.000902065 1.55656e-22 4.59121e-41 9.65529e-39 
-0.999858 0.016581 -0.00307049 -0.00329971 0.0167816 0.996261 -0.0847479 0.000305031 0.00165381 -0.0847874 -0.996398 0.000926778 1.55656e-22 4.59121e-41 9.65529e-39 
-0.999858 0.0165761 -0.00309831 -0.00330536 0.0167791 0.99626 -0.0847576 0.000177727 0.00168177 -0.0847975 -0.996397 0.000944276 1.55656e-22 4.59121e-41 9.65529e-39 
-0.999858 0.0165675 -0.0030313 -0.00318808 0.0167648 0.996262 -0.0847394 0.000246058 0.00161605 -0.0847782 -0.996399 0.000862645 1.55656e-22 4.59121e-41 9.65529e-39 
-0.999858 0.0165628 -0.0030242 -0.00318738 0.0167595 0.996263 -0.0847293 0.00019815 0.00160955 -0.084768 -0.996399 0.000863101 1.55656e-22 4.59121e-41 9.65529e-39 
-0.999858 0.0165527 -0.00302518 -0.003124 0.0167495 0.996264 -0.0847215 0.00026439 0.0016115 -0.0847601 -0.9964 0.000825143 1.55656e-22 4.59121e-41 9.65529e-39 
-0.999859 0.016535 -0.00306557 -0.00312169 0.0167353 0.996264 -0.0847171 0.000152765 0.00165332 -0.0847564 -0.9964 0.000809355 1.55656e-22 4.59121e-41 9.65529e-39 
-0.999859 0.0165156 -0.00310718 -0.00322179 0.0167195 0.996266 -0.0847035 0.000211902 0.00169664 -0.0847435 -0.996401 0.000818788 1.55656e-22 4.59121e-41 9.65529e-39 
-0.999858 0.0165494 -0.00308386 -0.0033313 0.0167511 0.996268 -0.0846681 0.000374454 0.00167115 -0.0847078 -0.996404 0.000848369 1.55656e-22 4.59121e-41 9.65529e-39 
-0.999858 0.0165512 -0.00310299 -0.00335827 0.0167545 0.996269 -0.0846573 0.000262995 0.00169023 -0.0846973 -0.996405 0.000875458 1.55656e-22 4.59121e-41 9.65529e-39 
-0.999858 0.0165513 -0.00313204 -0.00338641 0.0167571 0.996267 -0.0846779 0.000316773 0.00171881 -0.0847184 -0.996403 0.000883135 1.55656e-22 4.59121e-41 9.65529e-39 
-0.999858 0.016559 -0.003162 -0.00341825 0.0167674 0.996267 -0.0846824 0.000188006 0.00174794 -0.0847234 -0.996403 0.00090559 1.55656e-22 4.59121e-41 9.65529e-39 
-0.999858 0.0165633 -0.00311194 -0.00343955 0.0167674 0.996267 -0.0846755 0.000345602 0.00169781 -0.0847156 -0.996404 0.000902625 1.55656e-22 4.59121e-41 9.65529e-39 
-0.999858 0.0165503 -0.00310835 -0.00348916 0.0167541 0.996268 -0.0846674 0.000195201 0.00169548 -0.0847074 -0.996404 0.000915509 1.55656e-22 4.59121e-41 9.65529e-39 
-0.999858 0.0165593 -0.0030854 -0.0034393 0.0167611 0.996271 -0.0846409 0.000365204 0.0016723 -0.0846806 -0.996407 0.000935861 1.55656e-22 4.59121e-41 9.65529e-39 
-0.999858 0.0165495 -0.00309032 -0.00348377 0.0167517 0.996274 -0.0845978 0.000232525 0.00167875 -0.0846376 -0.99641 0.000968944 1.55656e-22 4.59121e-41 9.65529e-39 
-0.999858 0.0165703 -0.00311107 -0.00329097 0.0167742 0.99627 -0.0846483 0.000323825 0.00169681 -0.0846885 -0.996406 0.000918747 1.55656e-22 4.59121e-41 9.65529e-39 
-0.999858 0.0165775 -0.00313042 -0.00329348 0.0167831 0.996269 -0.0846606 0.000247663 0.00171528 -0.0847011 -0.996405 0.000947646 1.55656e-22 4.59121e-41 9.65529e-39 
-0.999858 0.0165725 -0.00313809 -0.00335777 0.0167788 0.996269 -0.0846543 0.000362993 0.00172345 -0.084695 -0.996405 0.000879436 1.55656e-22 4.59121e-41 9.65529e-39 
-0.999858 0.0165626 -0.0031272 -0.00338821 0.0167679 0.996271 -0.0846388 0.000207303 0.0017137 -0.0846792 -0.996407 0.000887742 1.55656e-22 4.59121e-41 9.65529e-39 
-0.999858 0.0165696 -0.00309248 -0.0033741 0.0167719 0.996271 -0.0846304 0.000347339 0.00167866 -0.0846703 -0.996408 0.000852222 1.55656e-22 4.59121e-41 9.65529e-39 
-0.999858 0.0165641 -0.0031232 -0.00339781 0.0167691 0.996269 -0.0846619 0.000209595 0.00170919 -0.0847023 -0.996405 0.000846011 1.55656e-22 4.59121e-41 9.65529e-39 
-0.999858 0.0165712 -0.00313255 -0.0033889 0.0167769 0.996267 -0.0846766 0.000341055 0.00171767 -0.0847171 -0.996404 0.000847839 1.55656e-22 4.59121e-41 9.65529e-39 
-0.999858 0.0165719 -0.00315401 -0.00340832 0.0167794 0.996268 -0.0846662 0.000165523 0.00173917 -0.0847071 -0.996404 0.000807817 1.55656e-22 4.59121e-41 9.65529e-39 
-0.999857 0.0166042 -0.00309513 -0.00338323 0.0168067 0.996268 -0.0846656 0.000360848 0.00167777 -0.0847055 -0.996405 0.000885325 1.55656e-22 4.59121e-41 9.65529e-39 
-0.999858 0.0165839 -0.00310114 -0.0034028 0.0167869 0.996267 -0.0846792 0.000212316 0.00168525 -0.0847193 -0.996403 0.000903228 1.55656e-22 4.59121e-41 9.65529e-39 
-0.999858 0.0165502 -0.00312699 -0.00334713 0.0167556 0.996266 -0.0846947 0.000362425 0.0017136 -0.0847351 -0.996402 0.000892439 1.55656e-22 4.59121e-41 9.65529e-39 
-0.999858 0.0165647 -0.00312021 -0.00336173 0.0167695 0.996266 -0.0846968 0.000246288 0.00170559 -0.0847371 -0.996402 0.000897915 1.55656e-22 4.59121e-41 9.65529e-39 
-0.999858 0.0165572 -0.00310332 -0.00338071 0.0167606 0.996265 -0.0847043 0.000349557 0.00168927 -0.0847443 -0.996401 0.000864443 1.55656e-22 4.59121e-41 9.65529e-39 
-0.999858 0.016591 -0.00306038 -0.0033966 0.0167907 0.996264 -0.0847141 0.000237618 0.00164345 -0.0847534 -0.996401 0.000845617 1.55656e-22 4.59121e-41 9.65529e-39 
-0.999858 0.0165775 -0.00306979 -0.00339279 0.016778 0.996266 -0.0846892 0.000342118 0.00165439 -0.0847286 -0.996403 0.000895295 1.55656e-22 4.59121e-41 9.65529e-39 
-0.999857 0.0166065 -0.0030822 -0.00340704 0.0168079 0.996263 -0.084724 0.000230576 0.00166372 -0.0847638 -0.9964 0.000904492 1.55656e-22 4.59121e-41 9.65529e-39 
-0.999857 0.0166162 -0.00306854 -0.0034038 0.0168165 0.996263 -0.0847221 0.000368777 0.00164931 -0.0847616 -0.9964 0.00093497 1.55656e-22 4.59121e-41 9.65529e-39 
-0.999857 0.016624 -0.00310123 -0.00342125 0.0168271 0.996262 -0.0847291 0.00027039 0.0016811 -0.0847691 -0.996399 0.000959502 1.55656e-22 4.59121e-41 9.65529e-39 
-0.999857 0.0166248 -0.00308435 -0.00335458 0.0168264 0.996261 -0.0847385 0.000359917 0.00166406 -0.0847783 -0.996398 0.000873724 1.55656e-22 4.59121e-41 9.65529e-39 
-0.999857 0.0166346 -0.00309393 -0.00335974 0.0168369 0.996263 -0.08471 0.000241481 0.00167325 -0.08475 -0.996401 0.000858751 1.55656e-22 4.59121e-41 9.65529e-39 
-0.999857 0.0166051 -0.00309814 -0.00323994 0.0168079 0.996264 -0.0847065 0.000385355 0.00168001 -0.0847465 -0.996401 0.000850517 1.55656e-22 4.59121e-41 9.65529e-39 
-0.999857 0.0166234 -0.00309879 -0.00323616 0.0168261 0.996266 -0.0846771 0.000287359 0.0016796 -0.0847171 -0.996404 0.000803683 1.55656e-22 4.59121e-41 9.65529e-39 
-0.999857 0.0166077 -0.0031165 -0.00324684 0.016812 0.996267 -0.0846743 0.000391744 0.00169862 -0.0847146 -0.996404 0.000826306 1.55656e-22 4.59121e-41 9.65529e-39 
-0.999857 0.0166005 -0.00310769 -0.00324236 0.0168041 0.996267 -0.0846703 0.000245544 0.00169052 -0.0847104 -0.996404 0.000833331 1.55656e-22 4.59121e-41 9.65529e-39 
-0.999857 0.0166092 -0.00312922 -0.00316391 0.0168146 0.996268 -0.0846647 0.000403233 0.00171133 -0.0847052 -0.996405 0.00082714 1.55656e-22 4.59121e-41 9.65529e-39 
-0.999857 0.0166109 -0.00309949 -0.00315191 0.0168137 0.996268 -0.0846569 0.000298359 0.0016817 -0.0846969 -0.996405 0.000807918 1.55656e-22 4.59121e-41 9.65529e-39 
-0.999857 0.0165987 -0.00307063 -0.00331713 0.016799 0.99627 -0.0846369 0.000376655 0.00165432 -0.0846764 -0.996407 0.000790586 1.55656e-22 4.59121e-41 9.65529e-39 
-0.999857 0.0166053 -0.00305029 -0.00332786 0.0168039 0.996271 -0.0846246 0.000290664 0.0016337 -0.0846638 -0.996408 0.000772499 1.55656e-22 4.59121e-41 9.65529e-39 
-0.999858 0.0166157 -0.00296466 -0.00333231 0.0168072 0.996264 -0.0847071 0.000355846 0.00154612 -0.0847449 -0.996401 0.000847043 1.55656e-22 4.59121e-41 9.65529e-39 
-0.999858 0.0166163 -0.00296907 -0.00335228 0.0168081 0.996264 -0.084708 0.000244763 0.00155044 -0.0847459 -0.996401 0.000866063 1.55656e-22 4.59121e-41 9.65529e-39 
-0.999858 0.016607 -0.00303489 -0.00328269 0.0168044 0.996266 -0.0846812 0.00035079 0.00161726 -0.0847201 -0.996404 0.000834938 1.55656e-22 4.59121e-41 9.65529e-39 
-0.999857 0.0166213 -0.00297375 -0.00329471 0.0168135 0.996264 -0.0847079 0.000244438 0.00155469 -0.0847458 -0.996401 0.000846383 1.55656e-22 4.59121e-41 9.65529e-39 
-0.999857 0.0166251 -0.0029457 -0.00323124 0.0168149 0.996262 -0.084728 0.000356059 0.00152608 -0.0847654 -0.9964 0.000872659 1.55656e-22 4.59121e-41 9.65529e-39 
-0.999858 0.0166186 -0.0029391 -0.0032385 0.0168079 0.996263 -0.0847251 0.000241433 0.0015201 -0.0847624 -0.9964 0.000887551 1.55656e-22 4.59121e-41 9.65529e-39 
-0.999858 0.0166077 -0.00294737 -0.00312282 0.0167978 0.996262 -0.0847286 0.000430835 0.0015292 -0.084766 -0.9964 0.000854554 1.55656e-22 4.59121e-41 9.65529e-39 
-0.999858 0.0165979 -0.00297018 -0.00311681 0.0167899 0.996264 -0.0847134 0.000337436 0.00155301 -0.0847513 -0.996401 0.000867971 1.55656e-22 4.59121e-41 9.65529e-39 
-0.999858 0.0165793 -0.00291375 -0.00323101 0.0167666 0.996265 -0.0847048 0.000354761 0.00149852 -0.0847417 -0.996402 0.000823454 1.55656e-22 4.59121e-41 9.65529e-39 
-0.999858 0.0165744 -0.00295782 -0.00324523 0.0167654 0.996265 -0.084706 0.000238142 0.00154282 -0.0847436 -0.996402 0.000830482 1.55656e-22 4.59121e-41 9.65529e-39 
-0.999858 0.016571 -0.00298161 -0.00321196 0.016764 0.996268 -0.0846673 0.000355277 0.00156746 -0.0847053 -0.996405 0.000783536 1.55656e-22 4.59121e-41 9.65529e-39 
-0.999858 0.0165663 -0.0030251 -0.00322396 0.016763 0.99627 -0.0846466 0.000243151 0.00161153 -0.0846853 -0.996406 0.000774181 1.55656e-22 4.59121e-41 9.65529e-39 
-0.999858 0.0165719 -0.00303063 -0.00320764 0.016769 0.996269 -0.0846601 0.000384425 0.00161635 -0.0846989 -0.996405 0.000831601 1.55656e-22 4.59121e-41 9.65529e-39 
-0.999858 0.0165789 -0.00299391 -0.00322086 0.0167729 0.996271 -0.0846275 0.000288292 0.00157972 -0.0846657 -0.996408 0.000832132 1.55656e-22 4.59121e-41 9.65529e-39 
-0.999858 0.0165519 -0.00302778 -0.00311429 0.0167489 0.996267 -0.0846819 0.000414968 0.00161483 -0.0847206 -0.996403 0.00085194 1.55656e-22 4.59121e-41 9.65529e-39 
-0.999859 0.0165243 -0.00303957 -0.00311619 0.0167224 0.996268 -0.0846808 0.000317386 0.00162893 -0.0847196 -0.996404 0.000856338 1.55656e-22 4.59121e-41 9.65529e-39 
-0.999859 0.0165373 -0.00302752 -0.00311687 0.0167343 0.996268 -0.0846743 0.000231235 0.00161594 -0.084713 -0.996404 0.000862524 1.55656e-22 4.59121e-41 9.65529e-39 
-0.999859 0.0165365 -0.0030704 -0.00326621 0.0167372 0.996267 -0.084685 0.000323879 0.00165854 -0.0847244 -0.996403 0.00085236 1.55656e-22 4.59121e-41 9.65529e-39 
-0.999858 0.0165497 -0.00306197 -0.00328697 0.0167496 0.996266 -0.0846965 0.000186714 0.00164884 -0.0847358 -0.996402 0.000840206 1.55656e-22 4.59121e-41 9.65529e-39 
-0.999859 0.016518 -0.00306197 -0.00341686 0.016718 0.996269 -0.084665 0.00013521 0.00165205 -0.0847042 -0.996405 0.000949984 1.55656e-22 4.59121e-41 9.65529e-39 
-0.999858 0.0165389 -0.00308494 -0.00341529 0.0167407 0.996271 -0.0846384 0.000313432 0.00167361 -0.0846781 -0.996407 0.000895046 1.55656e-22 4.59121e-41 9.65529e-39 
-0.999858 0.0165372 -0.00309161 -0.00346068 0.0167396 0.996271 -0.0846451 0.000153821 0.00168028 -0.0846848 -0.996406 0.000925868 1.55656e-22 4.59121e-41 9.65529e-39 
-0.999858 0.0165518 -0.00313919 -0.00334369 0.0167583 0.996264 -0.084714 0.000290037 0.00172529 -0.0847546 -0.9964 0.000877651 1.55656e-22 4.59121e-41 9.65529e-39 
-0.999858 0.0165686 -0.00312233 -0.00336772 0.0167736 0.996264 -0.0847184 0.000104267 0.001707 -0.0847587 -0.9964 0.000876358 1.55656e-22 4.59121e-41 9.65529e-39 
-0.999858 0.0165646 -0.00308888 -0.00346063 0.0167668 0.996262 -0.0847459 0.000230875 0.00167355 -0.0847857 -0.996398 0.000871822 1.55656e-22 4.59121e-41 9.65529e-39 
-0.999858 0.0165362 -0.00315173 -0.00348969 0.0167439 0.996262 -0.0847484 8.69867e-05 0.00173853 -0.0847891 -0.996397 0.000875617 1.55656e-22 4.59121e-41 9.65529e-39 
-0.999858 0.0165704 -0.00315765 -0.00340553 0.0167785 0.996261 -0.084754 0.000276697 0.00174143 -0.084795 -0.996397 0.000861674 1.55656e-22 4.59121e-41 9.65529e-39 
-0.999857 0.0165831 -0.00317524 -0.00344144 0.0167926 0.996259 -0.0847748 0.000302022 0.00175753 -0.084816 -0.996395 0.000890728 1.55656e-22 4.59121e-41 9.65529e-39 
-0.999857 0.0165889 -0.00322343 -0.00346431 0.0168025 0.996256 -0.0848019 0.000176813 0.00180459 -0.0848439 -0.996393 0.00089472 1.55656e-22 4.59121e-41 9.65529e-39 
-0.999857 0.0165764 -0.00321586 -0.00338077 0.0167894 0.996258 -0.0847828 0.00033851 0.00179844 -0.0848247 -0.996394 0.000858844 1.55656e-22 4.59121e-41 9.65529e-39 
-0.999857 0.016573 -0.0032099 -0.00339144 0.0167855 0.99626 -0.0847573 0.000280282 0.00179321 -0.0847991 -0.996396 0.000875809 1.55656e-22 4.59121e-41 9.65529e-39 
-0.999857 0.0165834 -0.0032312 -0.00331734 0.0167976 0.996262 -0.0847339 0.000402621 0.00181395 -0.0847761 -0.996398 0.000858739 1.55656e-22 4.59121e-41 9.65529e-39 
-0.999857 0.0165705 -0.00322513 -0.00332646 0.0167841 0.996264 -0.0847104 0.000345361 0.00180939 -0.0847525 -0.9964 0.000866715 1.55656e-22 4.59121e-41 9.65529e-39 
-0.999857 0.0165884 -0.00324797 -0.0033405 0.0168038 0.996267 -0.0846699 0.000183252 0.00183132 -0.0847124 -0.996404 0.000911966 1.55656e-22 4.59121e-41 9.65529e-39 
-0.999857 0.0165778 -0.00327457 -0.00347241 0.0167955 0.996268 -0.0846597 0.000282107 0.00185888 -0.0847026 -0.996405 0.000828739 1.55656e-22 4.59121e-41 9.65529e-39 
-0.999857 0.016609 -0.00327581 -0.00349675 0.0168267 0.996269 -0.0846513 0.000171119 0.00185761 -0.0846943 -0.996405 0.000830202 1.55656e-22 4.59121e-41 9.65529e-39 
-0.999857 0.0165812 -0.0032277 -0.00343042 0.0167949 0.996269 -0.0846525 0.000337001 0.00181202 -0.0846947 -0.996405 0.000854609 1.55656e-22 4.59121e-41 9.65529e-39 
-0.999857 0.0165811 -0.00318969 -0.00345198 0.0167916 0.99627 -0.0846423 0.000212532 0.00177433 -0.0846838 -0.996406 0.000863718 1.55656e-22 4.59121e-41 9.65529e-39 
-0.999858 0.0165577 -0.00323303 -0.00347185 0.016772 0.99627 -0.0846505 0.000325164 0.00181935 -0.0846926 -0.996405 0.000935113 1.55656e-22 4.59121e-41 9.65529e-39 
-0.999858 0.0165601 -0.0032306 -0.00350483 0.0167742 0.996267 -0.0846767 0.000191439 0.00181629 -0.0847189 -0.996403 0.00100759 1.55656e-22 4.59121e-41 9.65529e-39 
-0.999858 0.0165676 -0.00315908 -0.00343643 0.0167756 0.996266 -0.0846929 0.000312853 0.00174413 -0.0847338 -0.996402 0.000898485 1.55656e-22 4.59121e-41 9.65529e-39 
-0.999858 0.0165501 -0.00319112 -0.00345104 0.0167609 0.996267 -0.0846825 0.00019697 0.0017777 -0.0847239 -0.996403 0.000915627 1.55656e-22 4.59121e-41 9.65529e-39 
-0.999858 0.016565 -0.00318267 -0.0036459 0.016775 0.996268 -0.0846727 0.000281599 0.00176819 -0.084714 -0.996404 0.000868517 1.55656e-22 4.59121e-41 9.65529e-39 
-0.999857 0.0165896 -0.00313765 -0.00371205 0.0167956 0.99627 -0.0846412 0.000114748 0.00172179 -0.0846818 -0.996407 0.000859757 1.55656e-22 4.59121e-41 9.65529e-39 
-0.999858 0.0165534 -0.003036 -0.0033355 0.016751 0.996271 -0.0846425 0.000300574 0.00162356 -0.0846814 -0.996407 0.000899477 1.55656e-22 4.59121e-41 9.65529e-39 
-0.999859 0.0165207 -0.00306163 -0.00332926 0.0167206 0.996274 -0.0846102 0.000177714 0.0016524 -0.0846495 -0.996409 0.000952419 1.55656e-22 4.59121e-41 9.65529e-39 
-0.999859 0.0165344 -0.00305972 -0.00337702 0.016734 0.996275 -0.0845921 0.000313321 0.00164964 -0.0846314 -0.996411 0.000872436 1.55656e-22 4.59121e-41 9.65529e-39 
-0.999858 0.0165445 -0.00304477 -0.00338602 0.0167429 0.996273 -0.0846165 0.000199252 0.00163348 -0.0846555 -0.996409 0.000856157 1.55656e-22 4.59121e-41 9.65529e-39 
-0.999858 0.0165419 -0.00306101 -0.00327103 0.0167417 0.996269 -0.0846656 0.000341596 0.00164906 -0.0847049 -0.996405 0.000863686 1.55656e-22 4.59121e-41 9.65529e-39 
-0.999858 0.0165643 -0.0030496 -0.00327063 0.0167631 0.996265 -0.0847083 0.00019388 0.00163508 -0.0847474 -0.996401 0.000876382 1.55656e-22 4.59121e-41 9.65529e-39 
-0.999858 0.0165968 -0.00307906 -0.00333643 0.0167981 0.99626 -0.0847576 0.000320722 0.00166084 -0.0847973 -0.996397 0.00087538 1.55656e-22 4.59121e-41 9.65529e-39 
-0.999858 0.0165791 -0.0031281 -0.00335231 0.0167846 0.996261 -0.0847533 0.000216773 0.00171127 -0.0847938 -0.996397 0.000873353 1.55656e-22 4.59121e-41 9.65529e-39 
-0.999858 0.016588 -0.00305294 -0.00333989 0.0167871 0.996263 -0.0847241 0.000333839 0.00163612 -0.0847633 -0.9964 0.000852155 1.55656e-22 4.59121e-41 9.65529e-39 
-0.999858 0.0165694 -0.00303963 -0.0033666 0.0167674 0.996262 -0.0847377 0.000186699 0.00162421 -0.0847766 -0.996399 0.000837287 1.55656e-22 4.59121e-41 9.65529e-39 
-0.999858 0.0165815 -0.00295156 -0.00341783 0.016772 0.996264 -0.0847217 0.000295401 0.00153572 -0.0847592 -0.9964 0.000840953 1.55656e-22 4.59121e-41 9.65529e-39 
-0.999859 0.0165506 -0.00294258 -0.00344359 0.0167405 0.996261 -0.084751 0.000186746 0.0015289 -0.0847883 -0.996398 0.000830661 1.55656e-22 4.59121e-41 9.65529e-39 
-0.999859 0.0165382 -0.0029356 -0.00320276 0.0167275 0.996263 -0.0847324 0.000391267 0.00152331 -0.0847696 -0.996399 0.000816585 1.55656e-22 4.59121e-41 9.65529e-39 
-0.999859 0.01654 -0.00294411 -0.00319563 0.0167299 0.996267 -0.0846933 0.000253693 0.0015323 -0.0847306 -0.996403 0.000772235 1.55656e-22 4.59121e-41 9.65529e-39 
-0.999858 0.0165795 -0.00289311 -0.00312645 0.0167649 0.996267 -0.0846776 0.000381549 0.0014784 -0.0847141 -0.996404 0.000864937 1.55656e-22 4.59121e-41 9.65529e-39 
-0.999859 0.0165613 -0.00291793 -0.00311818 0.0167489 0.996267 -0.0846807 0.000276428 0.00150462 -0.0847175 -0.996404 0.000870274 1.55656e-22 4.59121e-41 9.65529e-39 
-0.999858 0.016595 -0.00293364 -0.00318879 0.0167838 0.996266 -0.0846922 0.000311728 0.00151722 -0.0847294 -0.996403 0.000822938 1.55656e-22 4.59121e-41 9.65529e-39 
-0.999858 0.0165884 -0.00295176 -0.00319174 0.0167789 0.996264 -0.084715 0.000273416 0.00153544 -0.0847525 -0.996401 0.000818986 1.55656e-22 4.59121e-41 9.65529e-39 
-0.999858 0.0166192 -0.00293588 -0.00322637 0.0168083 0.996258 -0.0847833 0.000375931 0.00151587 -0.0848206 -0.996395 0.000844765 1.55656e-22 4.59121e-41 9.65529e-39 
-0.999857 0.0166285 -0.00293157 -0.00324313 0.0168172 0.996258 -0.0847749 0.000279018 0.00151093 -0.0848122 -0.996396 0.000848036 1.55656e-22 4.59121e-41 9.65529e-39 
-0.999858 0.0166041 -0.00293135 -0.00325323 0.0167929 0.996258 -0.0847824 0.0002078 0.00151264 -0.0848196 -0.996395 0.000864396 1.55656e-22 4.59121e-41 9.65529e-39 
-0.999858 0.0165771 -0.00292169 -0.00305516 0.0167652 0.996258 -0.0847884 0.000424617 0.00150521 -0.0848254 -0.996395 0.000871656 1.55656e-22 4.59121e-41 9.65529e-39 
-0.999858 0.0166008 -0.00289946 -0.00303901 0.0167869 0.996259 -0.0847719 0.000280197 0.00148132 -0.0848086 -0.996396 0.000863533 1.55656e-22 4.59121e-41 9.65529e-39 
-0.999858 0.0165957 -0.00292796 -0.00303218 0.0167843 0.996258 -0.0847852 0.000187925 0.00150993 -0.0848223 -0.996395 0.00085526 1.55656e-22 4.59121e-41 9.65529e-39 
-0.999858 0.0166082 -0.00297585 -0.00310367 0.0168007 0.996256 -0.0848016 0.000307279 0.0015563 -0.0848395 -0.996393 0.000816525 1.55656e-22 4.59121e-41 9.65529e-39 
-0.999857 0.0166294 -0.0029615 -0.0031022 0.0168207 0.996254 -0.0848221 0.000225784 0.00153987 -0.0848598 -0.996392 0.000812935 1.55656e-22 4.59121e-41 9.65529e-39 
-0.999858 0.0166165 -0.0029098 -0.0031225 0.0168034 0.996258 -0.0847851 0.000372206 0.00149008 -0.084822 -0.996395 0.000756337 1.55656e-22 4.59121e-41 9.65529e-39 
-0.999858 0.0165776 -0.00287792 -0.00314824 0.0167619 0.996257 -0.0848057 0.000404828 0.00146127 -0.0848419 -0.996393 0.0008031 1.55656e-22 4.59121e-41 9.65529e-39 
-0.999859 0.0165738 -0.00285739 -0.00315533 0.0167564 0.996257 -0.0847971 0.00028338 0.00144129 -0.084833 -0.996394 0.000811441 1.55656e-22 4.59121e-41 9.65529e-39 
-0.999858 0.016583 -0.00294282 -0.00304668 0.0167728 0.996259 -0.0847787 0.000424397 0.00152593 -0.084816 -0.996395 0.000792182 1.55656e-22 4.59121e-41 9.65529e-39 
-0.999858 0.0165905 -0.0029416 -0.0030482 0.0167802 0.996258 -0.0847851 0.000307877 0.00152397 -0.0848224 -0.996395 0.000770287 1.55656e-22 4.59121e-41 9.65529e-39 
-0.999858 0.0165841 -0.00293798 -0.00305222 0.0167735 0.996259 -0.0847699 0.000438157 0.00152116 -0.0848072 -0.996396 0.00079295 1.55656e-22 4.59121e-41 9.65529e-39 
-0.999858 0.0165622 -0.00294124 -0.00304994 0.0167519 0.996261 -0.0847493 0.00035043 0.00152661 -0.0847865 -0.996398 0.00078065 1.55656e-22 4.59121e-41 9.65529e-39 
-0.999858 0.0166003 -0.00288301 -0.003094 0.0167849 0.996263 -0.0847207 0.000415933 0.00146585 -0.0847571 -0.996401 0.000809479 1.55656e-22 4.59121e-41 9.65529e-39 
-0.999858 0.0165839 -0.00284553 -0.00310273 0.0167654 0.996264 -0.0847145 0.000320394 0.00143001 -0.0847502 -0.996401 0.0007949 1.55656e-22 4.59121e-41 9.65529e-39 
-0.999858 0.0165965 -0.00286291 -0.00311043 0.0167793 0.996267 -0.0846849 0.000197301 0.00144675 -0.0847209 -0.996404 0.000766397 1.55656e-22 4.59121e-41 9.65529e-39 
-0.999859 0.0165628 -0.00289829 -0.00301927 0.0167488 0.99627 -0.0846559 0.000311256 0.00148534 -0.0846925 -0.996406 0.000741741 1.55656e-22 4.59121e-41 9.65529e-39 
-0.999859 0.0165529 -0.00296356 -0.00312547 0.0167444 0.996268 -0.0846788 0.00040036 0.00155082 -0.0847165 -0.996404 0.00080374 1.55656e-22 4.59121e-41 9.65529e-39 
-0.999859 0.0165475 -0.00291948 -0.00314825 0.0167353 0.996267 -0.084685 0.000292091 0.00150726 -0.0847219 -0.996404 0.0008148 1.55656e-22 4.59121e-41 9.65529e-39 
-0.999859 0.0165446 -0.00293443 -0.00317243 0.0167337 0.996267 -0.0846931 0.000155716 0.00152227 -0.0847303 -0.996403 0.000813116 1.55656e-22 4.59121e-41 9.65529e-39 
-0.999859 0.0165318 -0.00295431 -0.00310946 0.0167226 0.996267 -0.0846847 0.000324694 0.00154329 -0.0847222 -0.996403 0.000793688 1.55656e-22 4.59121e-41 9.65529e-39 
-0.999859 0.0165206 -0.00296196 -0.00312028 0.0167121 0.996268 -0.0846861 0.000205663 0.00155184 -0.0847237 -0.996403 0.00079784 1.55656e-22 4.59121e-41 9.65529e-39 
-0.999859 0.016539 -0.00295017 -0.00309419 0.0167295 0.996263 -0.0847333 0.000324298 0.00153774 -0.0847707 -0.996399 0.000783357 1.55656e-22 4.59121e-41 9.65529e-39 
-0.999859 0.0165118 -0.00296918 -0.00310107 0.016704 0.996264 -0.0847319 0.000256381 0.00155901 -0.0847696 -0.996399 0.00076804 1.55656e-22 4.59121e-41 9.65529e-39 
-0.999859 0.0165306 -0.00296257 -0.0030933 0.0167221 0.996265 -0.0847154 0.000333757 0.00155111 -0.084753 -0.996401 0.000808278 1.55656e-22 4.59121e-41 9.65529e-39 
-0.999859 0.0165121 -0.00299786 -0.0031121 0.0167068 0.996264 -0.0847307 0.000179066 0.00158758 -0.0847689 -0.996399 0.00081925 1.55656e-22 4.59121e-41 9.65529e-39 
-0.999859 0.0165241 -0.00303859 -0.00312912 0.0167221 0.996265 -0.0847169 0.000245558 0.00162738 -0.0847557 -0.9964 0.000808939 1.55656e-22 4.59121e-41 9.65529e-39 
-0.999859 0.0165093 -0.0030496 -0.00331363 0.0167083 0.996269 -0.0846704 0.000301653 0.00164038 -0.0847094 -0.996404 0.000813518 1.55656e-22 4.59121e-41 9.65529e-39 
-0.999859 0.0164959 -0.00308235 -0.00336305 0.0166977 0.99627 -0.084664 0.000174297 0.00167424 -0.0847036 -0.996405 0.000811814 1.55656e-22 4.59121e-41 9.65529e-39 
-0.999859 0.0164969 -0.0031309 -0.00341397 0.0167028 0.99627 -0.0846586 1.79107e-05 0.00172262 -0.0846989 -0.996405 0.000814665 1.55656e-22 4.59121e-41 9.65529e-39 
-0.999858 0.0165304 -0.00312096 -0.00338125 0.0167353 0.996269 -0.0846667 0.000239466 0.00170975 -0.0847069 -0.996404 0.000794159 1.55656e-22 4.59121e-41 9.65529e-39 
-0.999859 0.0165135 -0.00312511 -0.00341879 0.0167189 0.996269 -0.0846665 0.000120497 0.0017153 -0.0847068 -0.996404 0.000778369 1.55656e-22 4.59121e-41 9.65529e-39 
-0.999859 0.0165069 -0.00313181 -0.003422 0.0167129 0.996267 -0.0846931 9.0305e-05 0.0017221 -0.0847335 -0.996402 0.000861616 1.55656e-22 4.59121e-41 9.65529e-39 
-0.999859 0.0164898 -0.00313092 -0.00343352 0.0166958 0.996266 -0.0847067 4.15915e-05 0.00172243 -0.084747 -0.996401 0.000863639 1.55656e-22 4.59121e-41 9.65529e-39 
-0.999859 0.0164797 -0.00313586 -0.00333221 0.0166861 0.996269 -0.0846705 0.000313004 0.00172881 -0.0847109 -0.996404 0.000871293 1.55656e-22 4.59121e-41 9.65529e-39 
-0.999859 0.0164861 -0.00313315 -0.00335695 0.0166923 0.996267 -0.0846956 0.000160565 0.00172516 -0.0847359 -0.996402 0.000892456 1.55656e-22 4.59121e-41 9.65529e-39 
-0.999859 0.0164794 -0.00310784 -0.00344297 0.0166835 0.996261 -0.0847646 0.000280428 0.00169936 -0.0848045 -0.996396 0.000862002 1.55656e-22 4.59121e-41 9.65529e-39 
-0.99986 0.0164571 -0.00307523 -0.0035109 0.0166585 0.996263 -0.0847486 7.23697e-05 0.00166903 -0.084788 -0.996398 0.000839247 1.55656e-22 4.59121e-41 9.65529e-39 
-0.999859 0.0164931 -0.00307257 -0.00336088 0.0166942 0.996264 -0.0847256 0.000360219 0.0016637 -0.084765 -0.9964 0.000889129 1.55656e-22 4.59121e-41 9.65529e-39 
-0.999859 0.0165415 -0.0030476 -0.00340727 0.0167403 0.996266 -0.0847001 0.000176849 0.00163515 -0.0847392 -0.996402 0.000948611 1.55656e-22 4.59121e-41 9.65529e-39 
-0.999858 0.0165566 -0.00306805 -0.00333142 0.016757 0.996266 -0.0846889 0.000210795 0.00165443 -0.0847283 -0.996403 0.000926358 1.55656e-22 4.59121e-41 9.65529e-39 
-0.999858 0.0165593 -0.00309789 -0.00334485 0.0167622 0.996266 -0.0846898 0.000123016 0.00168392 -0.0847297 -0.996403 0.000944653 1.55656e-22 4.59121e-41 9.65529e-39 
-0.999858 0.0165464 -0.00303698 -0.00346356 0.0167442 0.996267 -0.0846828 0.000211291 0.00162445 -0.0847217 -0.996403 0.000818942 1.55656e-22 4.59121e-41 9.65529e-39 
-0.999858 0.0165859 -0.00301379 -0.00349362 0.0167816 0.996266 -0.084688 9.77388e-05 0.0015979 -0.0847266 -0.996403 0.000792614 1.55656e-22 4.59121e-41 9.65529e-39 
-0.999857 0.0166208 -0.00306481 -0.0033399 0.0168207 0.996266 -0.0846876 0.000245537 0.00164579 -0.0847271 -0.996403 0.000895088 1.55656e-22 4.59121e-41 9.65529e-39 
-0.999857 0.0166302 -0.0030529 -0.00334289 0.0168291 0.996265 -0.0846894 0.000121941 0.00163309 -0.0847287 -0.996403 0.000929044 1.55656e-22 4.59121e-41 9.65529e-39 
-0.999858 0.0165777 -0.00298857 -0.00325609 0.0167712 0.996272 -0.0846169 0.00017985 0.00157467 -0.084655 -0.996409 0.00095507 1.55656e-22 4.59121e-41 9.65529e-39 
-0.999858 0.0165598 -0.00299286 -0.0032568 0.0167537 0.996273 -0.0846149 3.66296e-05 0.0015805 -0.0846531 -0.996409 0.000994904 1.55656e-22 4.59121e-41 9.65529e-39 
-0.999858 0.0165439 -0.00309801 -0.00325344 0.0167468 0.996273 -0.0846128 0.000200848 0.00168664 -0.0846527 -0.996409 0.000832924 1.55656e-22 4.59121e-41 9.65529e-39 
-0.999858 0.0165509 -0.00311447 -0.0032525 0.0167551 0.996273 -0.0846125 0.000106466 0.00170245 -0.0846527 -0.996409 0.000851425 1.55656e-22 4.59121e-41 9.65529e-39 
-0.999858 0.0165688 -0.00306903 -0.00325774 0.0167691 0.996272 -0.084625 0.00022767 0.00165545 -0.0846645 -0.996408 0.000821863 1.55656e-22 4.59121e-41 9.65529e-39 
-0.999858 0.0165708 -0.00304809 -0.00325663 0.0167693 0.996272 -0.0846279 9.15693e-05 0.00163438 -0.084667 -0.996408 0.000788838 1.55656e-22 4.59121e-41 9.65529e-39 
-0.999858 0.0165471 -0.00308634 -0.00328289 0.016749 0.99627 -0.0846495 0.000211498 0.00167413 -0.0846892 -0.996406 0.000835275 1.55656e-22 4.59121e-41 9.65529e-39 
-0.999859 0.016532 -0.00309524 -0.00329078 0.0167347 0.996272 -0.0846294 5.0006e-05 0.0016846 -0.0846693 -0.996408 0.000821346 1.55656e-22 4.59121e-41 9.65529e-39 
-0.999859 0.016497 -0.0031051 -0.00323957 0.0167007 0.996269 -0.0846676 0.000302064 0.00169675 -0.0847075 -0.996404 0.000870333 1.55656e-22 4.59121e-41 9.65529e-39 
-0.999859 0.0164908 -0.00311006 -0.00316066 0.0166949 0.996274 -0.0846093 0.000390389 0.0017032 -0.0846493 -0.996409 0.000872337 1.55656e-22 4.59121e-41 9.65529e-39 
-0.999859 0.0164978 -0.00316066 -0.00315481 0.016706 0.996278 -0.0845653 0.000293598 0.00175375 -0.0846061 -0.996413 0.000920641 1.55656e-22 4.59121e-41 9.65529e-39 
-0.99986 0.0164588 -0.00314846 -0.00316628 0.0166661 0.996278 -0.0845692 0.000368947 0.00174484 -0.0846098 -0.996413 0.000855188 1.55656e-22 4.59121e-41 9.65529e-39 
-0.99986 0.0164439 -0.0031733 -0.00316796 0.0166533 0.99628 -0.0845497 0.000273089 0.00177117 -0.0845907 -0.996414 0.000880778 1.55656e-22 4.59121e-41 9.65529e-39 
-0.99986 0.0164566 -0.00314801 -0.00316947 0.0166638 0.996281 -0.0845332 0.000188633 0.00174518 -0.0845737 -0.996416 0.000889732 1.55656e-22 4.59121e-41 9.65529e-39 
-0.99986 0.0164356 -0.00316873 -0.00333102 0.0166446 0.996284 -0.0845057 0.000235068 0.00176805 -0.0845466 -0.996418 0.000806072 1.55656e-22 4.59121e-41 9.65529e-39 
-0.99986 0.0164364 -0.00319976 -0.00335512 0.0166481 0.996284 -0.0844994 0.000107501 0.001799 -0.0845408 -0.996418 0.000807044 1.55656e-22 4.59121e-41 9.65529e-39 
-0.999859 0.016493 -0.0031172 -0.00345557 0.0166975 0.996284 -0.0844998 0.000167531 0.00171196 -0.08454 -0.996419 0.000840453 1.55656e-22 4.59121e-41 9.65529e-39 
-0.999859 0.0165141 -0.00313371 -0.00343471 0.0167199 0.996285 -0.0844809 0.000300747 0.00172694 -0.0845213 -0.99642 0.000864063 1.55656e-22 4.59121e-41 9.65529e-39 
-0.999859 0.0165198 -0.00309981 -0.00346135 0.0167227 0.996283 -0.0845059 0.000209536 0.00169226 -0.0845458 -0.996418 0.000868295 1.55656e-22 4.59121e-41 9.65529e-39 
-0.999858 0.0165253 -0.00318848 -0.00349044 0.0167358 0.996279 -0.0845458 6.44288e-05 0.00177947 -0.0845872 -0.996414 0.000885493 1.55656e-22 4.59121e-41 9.65529e-39 
-0.999858 0.0165184 -0.00318716 -0.00347767 0.0167288 0.996278 -0.0845596 0.000185664 0.00177851 -0.0846009 -0.996413 0.00096254 1.55656e-22 4.59121e-41 9.65529e-39 
-0.999859 0.0164766 -0.00324529 -0.00351813 0.0166921 0.996276 -0.0845848 -1.6153e-05 0.00183953 -0.0846271 -0.996411 0.00101333 1.55656e-22 4.59121e-41 9.65529e-39 
-0.999859 0.0164943 -0.0032271 -0.00341057 0.0167082 0.996275 -0.0846003 0.000205057 0.00181965 -0.0846423 -0.99641 0.000904586 1.55656e-22 4.59121e-41 9.65529e-39 
-0.999859 0.016499 -0.00321434 -0.00343017 0.0167117 0.996279 -0.084549 7.24301e-05 0.0018074 -0.0845908 -0.996414 0.00089445 1.55656e-22 4.59121e-41 9.65529e-39 
-0.999858 0.0165227 -0.00316882 -0.00342736 0.0167314 0.996283 -0.0844996 0.000191572 0.00176088 -0.0845407 -0.996418 0.000806428 1.55656e-22 4.59121e-41 9.65529e-39 
-0.999859 0.0165061 -0.00313814 -0.00345136 0.0167123 0.996285 -0.084475 4.42733e-05 0.00173213 -0.0845156 -0.996421 0.000776104 1.55656e-22 4.59121e-41 9.65529e-39 
-0.999859 0.0164982 -0.00313959 -0.00341813 0.0167045 0.996289 -0.0844371 0.000215572 0.00173487 -0.0844777 -0.996424 0.000887586 1.55656e-22 4.59121e-41 9.65529e-39 
-0.999859 0.0164969 -0.0031196 -0.00347348 0.0167014 0.996294 -0.0843719 0.000302029 0.00171616 -0.0844121 -0.996429 0.000859319 1.55656e-22 4.59121e-41 9.65529e-39 
-0.999859 0.016481 -0.00311058 -0.00350726 0.0166847 0.996294 -0.0843852 0.000212957 0.0017083 -0.0844252 -0.996428 0.000871767 1.55656e-22 4.59121e-41 9.65529e-39 
-0.999859 0.0164875 -0.00310128 -0.00354018 0.0166905 0.996292 -0.0843977 7.4063e-05 0.00169827 -0.0844376 -0.996427 0.000895252 1.55656e-22 4.59121e-41 9.65529e-39 
-0.999859 0.0165127 -0.00309619 -0.00336898 0.0167153 0.996286 -0.084465 0.00019774 0.00168995 -0.0845049 -0.996422 0.000929548 1.55656e-22 4.59121e-41 9.65529e-39 
-0.999859 0.0165125 -0.00311734 -0.00337254 0.0167169 0.996282 -0.08452 6.5826e-05 0.00171011 -0.0845601 -0.996417 0.000958269 1.55656e-22 4.59121e-41 9.65529e-39 
-0.999858 0.0165584 -0.00311684 -0.00342039 0.0167627 0.996274 -0.0845983 0.000217571 0.00170442 -0.0846386 -0.99641 0.000900424 1.55656e-22 4.59121e-41 9.65529e-39 
-0.999858 0.0165534 -0.00313945 -0.00341226 0.0167597 0.996272 -0.0846186 0.000341717 0.00172702 -0.0846592 -0.996408 0.000876253 1.55656e-22 4.59121e-41 9.65529e-39 
-0.999858 0.016547 -0.00314529 -0.00343164 0.0167539 0.996272 -0.0846254 0.000246576 0.00173326 -0.0846661 -0.996408 0.000874808 1.55656e-22 4.59121e-41 9.65529e-39 
-0.999858 0.0165392 -0.003142 -0.00344945 0.0167458 0.996272 -0.0846306 0.000115771 0.00173056 -0.0846713 -0.996407 0.000867897 1.55656e-22 4.59121e-41 9.65529e-39 
-0.999858 0.0165878 -0.00308941 -0.00340689 0.0167897 0.996276 -0.0845664 0.000163128 0.00167514 -0.0846063 -0.996413 0.000824907 1.55656e-22 4.59121e-41 9.65529e-39 
-0.999857 0.0166167 -0.00309516 -0.00341123 0.0168189 0.996283 -0.0844882 1.44282e-05 0.00167974 -0.0845282 -0.99642 0.000808216 1.55656e-22 4.59121e-41 9.65529e-39 
-0.999857 0.0166211 -0.00310616 -0.00339035 0.016824 0.99629 -0.0843981 0.00017939 0.00169185 -0.0844383 -0.996427 0.000837599 1.55656e-22 4.59121e-41 9.65529e-39 
-0.999857 0.0166066 -0.00311377 -0.00332695 0.0168101 0.996295 -0.084348 0.00032457 0.0017015 -0.0843883 -0.996431 0.000850158 1.55656e-22 4.59121e-41 9.65529e-39 
-0.999857 0.0165953 -0.00313496 -0.00332601 0.0168005 0.996299 -0.0842955 0.000225232 0.00172445 -0.0843361 -0.996436 0.000863677 1.55656e-22 4.59121e-41 9.65529e-39 
-0.999857 0.0166034 -0.0031438 -0.00332735 0.0168093 0.9963 -0.0842867 9.36018e-05 0.00173272 -0.0843275 -0.996437 0.000881737 1.55656e-22 4.59121e-41 9.65529e-39 
-0.999857 0.0166042 -0.0030863 -0.00353204 0.0168053 0.9963 -0.0842877 0.000201679 0.00167534 -0.0843275 -0.996437 0.000847633 1.55656e-22 4.59121e-41 9.65529e-39 
-0.999857 0.0166008 -0.00309268 -0.00357801 0.0168025 0.996297 -0.0843186 3.73146e-06 0.00168147 -0.0843585 -0.996434 0.000842136 1.55656e-22 4.59121e-41 9.65529e-39 
-0.999857 0.0166183 -0.00307738 -0.00353258 0.0168187 0.996293 -0.0843683 0.000135648 0.00166391 -0.0844081 -0.99643 0.000845051 1.55656e-22 4.59121e-41 9.65529e-39 
-0.999858 0.0165935 -0.0031029 -0.00356057 0.0167962 0.996288 -0.0844335 -8.62262e-06 0.00169034 -0.0844735 -0.996424 0.000811765 1.55656e-22 4.59121e-41 9.65529e-39 
-0.999857 0.0166134 -0.00306969 -0.00344884 0.0168134 0.996285 -0.0844648 0.000180897 0.00165504 -0.0845044 -0.996422 0.000925427 1.55656e-22 4.59121e-41 9.65529e-39 
-0.999858 0.0165895 -0.00310639 -0.0034622 0.0167927 0.996282 -0.0845027 8.63993e-05 0.00169298 -0.0845429 -0.996418 0.000961633 1.55656e-22 4.59121e-41 9.65529e-39 
-0.999858 0.0165433 -0.00316048 -0.00321443 0.0167513 0.996281 -0.0845214 0.000244878 0.00175045 -0.0845623 -0.996417 0.000922902 1.55656e-22 4.59121e-41 9.65529e-39 
-0.999858 0.0165447 -0.00315451 -0.00319482 0.0167522 0.996283 -0.0844951 0.000123584 0.00174483 -0.084536 -0.996419 0.000950389 1.55656e-22 4.59121e-41 9.65529e-39 
-0.999858 0.0165305 -0.00318315 -0.00330677 0.0167404 0.996286 -0.0844667 0.000229773 0.00177505 -0.084508 -0.996421 0.000812411 1.55656e-22 4.59121e-41 9.65529e-39 
-0.999858 0.0165271 -0.00321853 -0.00343313 0.0167398 0.996292 -0.084397 0.000255998 0.00181176 -0.0844389 -0.996427 0.000886474 1.55656e-22 4.59121e-41 9.65529e-39 
-0.999858 0.0165378 -0.00326359 -0.0034337 0.0167542 0.996294 -0.0843627 0.000271956 0.00185632 -0.0844054 -0.99643 0.000900507 1.55656e-22 4.59121e-41 9.65529e-39 
-0.999858 0.0165072 -0.00323305 -0.00346541 0.0167211 0.996294 -0.0843686 9.70751e-05 0.00182839 -0.0844107 -0.996429 0.00089048 1.55656e-22 4.59121e-41 9.65529e-39 
-0.999858 0.0165309 -0.00317378 -0.00372348 0.0167398 0.996291 -0.0844072 3.58916e-05 0.00176669 -0.0844484 -0.996426 0.000884967 1.55656e-22 4.59121e-41 9.65529e-39 
-0.999858 0.0165247 -0.00317621 -0.00374244 0.0167339 0.996289 -0.0844264 -1.31973e-05 0.00176931 -0.0844676 -0.996425 0.000885907 1.55656e-22 4.59121e-41 9.65529e-39 
-0.999859 0.0165171 -0.00317428 -0.00366379 0.0167261 0.99629 -0.0844195 0.000107063 0.00176814 -0.0844606 -0.996425 0.000966901 1.55656e-22 4.59121e-41 9.65529e-39 
-0.999858 0.0165206 -0.00317001 -0.00368764 0.0167294 0.996287 -0.0844513 2.92736e-05 0.00176305 -0.0844924 -0.996423 0.000973031 1.55656e-22 4.59121e-41 9.65529e-39 
-0.999859 0.0164971 -0.00318217 -0.00341804 0.0167071 0.996282 -0.0845138 0.000230478 0.0017761 -0.084555 -0.996417 0.000871628 1.55656e-22 4.59121e-41 9.65529e-39 
-0.999859 0.0164881 -0.00320569 -0.00341362 0.0167001 0.996282 -0.0845152 0.000120494 0.00180028 -0.0845568 -0.996417 0.000864351 1.55656e-22 4.59121e-41 9.65529e-39 
-0.999859 0.0164943 -0.00320837 -0.00339049 0.0167065 0.996285 -0.0844836 0.000273351 0.00180295 -0.0845252 -0.99642 0.000890855 1.55656e-22 4.59121e-41 9.65529e-39 
-0.999859 0.0164574 -0.00325147 -0.00328687 0.0166733 0.996286 -0.0844717 0.000309946 0.00184921 -0.084514 -0.996421 0.000854273 1.55656e-22 4.59121e-41 9.65529e-39 
-0.999859 0.0164581 -0.00326236 -0.00326331 0.0166748 0.996292 -0.0844102 0.000128536 0.00186102 -0.0844527 -0.996426 0.000860793 1.55656e-22 4.59121e-41 9.65529e-39 
-0.999859 0.0164552 -0.00327978 -0.00325805 0.0166733 0.996293 -0.084397 8.32205e-05 0.00187885 -0.0844399 -0.996427 0.000862765 1.55656e-22 4.59121e-41 9.65529e-39 
-0.999858 0.0164986 -0.00330977 -0.00346455 0.0167191 0.996294 -0.0843679 9.5317e-06 0.00190556 -0.0844113 -0.996429 0.000688725 1.55656e-22 4.59121e-41 9.65529e-39 
-0.999858 0.0165164 -0.00329981 -0.00360652 0.0167361 0.996291 -0.084401 8.07205e-05 0.00189357 -0.0844443 -0.996426 0.000811095 1.55656e-22 4.59121e-41 9.65529e-39 
-0.999858 0.0165003 -0.00333171 -0.00362444 0.0167227 0.996291 -0.0844029 0.000149819 0.00192668 -0.0844466 -0.996426 0.000916966 1.55656e-22 4.59121e-41 9.65529e-39 
-0.999858 0.0165145 -0.00334118 -0.00351142 0.0167377 0.996287 -0.0844535 0.000279191 0.00193407 -0.0844975 -0.996422 0.000892945 1.55656e-22 4.59121e-41 9.65529e-39 
-0.999858 0.016487 -0.00336454 -0.00355093 0.0167124 0.996284 -0.0844948 4.07851e-05 0.00195897 -0.0845391 -0.996418 0.000909613 1.55656e-22 4.59121e-41 9.65529e-39 
-0.999858 0.016485 -0.00336258 -0.0036421 0.0167102 0.996287 -0.0844596 5.76476e-05 0.00195777 -0.0845038 -0.996421 0.000864744 1.55656e-22 4.59121e-41 9.65529e-39 
-0.999859 0.0164711 -0.00331849 -0.0037878 0.0166925 0.996292 -0.0844051 7.9408e-05 0.00191594 -0.0844485 -0.996426 0.000776759 1.55656e-22 4.59121e-41 9.65529e-39 
-0.999858 0.0165235 -0.00326745 -0.00375004 0.0167403 0.996295 -0.084355 7.54471e-05 0.00186151 -0.0843977 -0.99643 0.000911878 1.55656e-22 4.59121e-41 9.65529e-39 
-0.999858 0.0165135 -0.0032577 -0.00376067 0.0167296 0.996293 -0.0843814 0.000199477 0.0018522 -0.0844239 -0.996428 0.000893584 1.55656e-22 4.59121e-41 9.65529e-39 
-0.999859 0.0164791 -0.00328379 -0.00380668 0.0166975 0.996294 -0.0843795 7.92152e-05 0.00188112 -0.0844224 -0.996428 0.000875443 1.55656e-22 4.59121e-41 9.65529e-39 
-0.999859 0.0164867 -0.00328814 -0.00383776 0.0167055 0.996291 -0.0844133 -1.66768e-05 0.00188424 -0.0844563 -0.996425 0.000864093 1.55656e-22 4.59121e-41 9.65529e-39 
-0.999859 0.0164866 -0.00333796 -0.00385033 0.0167095 0.996294 -0.0843804 0.000106569 0.00193444 -0.0844242 -0.996428 0.000921328 1.55656e-22 4.59121e-41 9.65529e-39 
