-0.232961 0.12497 -0.964423 0 -0.77791 0.571186 0.261923 0 0.583597 0.811252 -0.0358487 0 5.59538e+06 4.59121e-41 1.51549e-19 
-0.222154 0.108965 -0.968904 -0.000607052 -0.771474 0.588023 0.243017 0.000566857 0.596218 0.801471 -0.0465682 0.000374072 5.59538e+06 4.59121e-41 1.51549e-19 
-0.216721 0.0974166 -0.971361 -0.00100829 -0.773893 0.589381 0.231773 0.000903816 0.595081 0.80196 -0.0523415 0.000621312 5.59538e+06 4.59121e-41 1.51549e-19 
-0.211446 0.0853041 -0.97366 -0.00152788 -0.775489 0.591699 0.220249 0.00128697 0.594902 0.801633 -0.0589598 0.000943959 5.59538e+06 4.59121e-41 1.51549e-19 
-0.207008 0.0752006 -0.975445 -0.00287325 -0.774151 0.59704 0.210318 0.00264863 0.598195 0.798679 -0.0653753 0.000290055 5.59538e+06 4.59121e-41 1.51549e-19 
-0.198526 0.0617984 -0.978145 -0.00433374 -0.777596 0.597574 0.195576 0.00337932 0.5966 0.799429 -0.0705796 0.000931729 5.59538e+06 4.59121e-41 1.51549e-19 
-0.188902 0.0348841 -0.981376 -0.0069566 -0.786364 0.593205 0.172451 0.00670422 0.588173 0.804295 -0.0846262 -0.00223267 5.59538e+06 4.59121e-41 1.51549e-19 
-0.185342 0.0325821 -0.982134 -0.00833381 -0.78903 0.590795 0.1685 0.00736612 0.58573 0.806164 -0.0837908 -0.00187585 5.59538e+06 4.59121e-41 1.51549e-19 
-0.179736 -0.108761 -0.977684 -0.0133439 -0.796736 0.599031 0.0798326 0.00894568 0.576981 0.793305 -0.194321 -0.0111252 5.59538e+06 4.59121e-41 1.51549e-19 
-0.17825 -0.1082 -0.978018 -0.0170912 -0.793922 0.602998 0.077986 0.00984818 0.581304 0.790371 -0.193387 -0.0125357 5.59538e+06 4.59121e-41 1.51549e-19 
-0.18023 -0.182028 -0.966635 -0.0163295 -0.773252 0.633612 0.0248572 0.00472055 0.607947 0.751932 -0.25495 -0.0244198 5.59538e+06 4.59121e-41 1.51549e-19 
-0.177268 -0.17826 -0.967884 -0.0186045 -0.771034 0.63634 0.0240172 0.0044168 0.611623 0.750529 -0.250247 -0.0272005 5.59538e+06 4.59121e-41 1.51549e-19 
-0.191656 -0.184916 -0.963885 -0.00586791 -0.688242 0.725478 -0.0023309 0.00901781 0.699708 0.662939 -0.266309 -0.036002 5.59538e+06 4.59121e-41 1.51549e-19 
-0.182967 -0.183288 -0.965882 -0.00527561 -0.689145 0.72459 -0.00695497 0.00843486 0.701143 0.664361 -0.258888 -0.040293 5.59538e+06 4.59121e-41 1.51549e-19 
-0.175703 -0.188948 -0.96614 0.00086877 -0.673973 0.738433 -0.021846 0.00893287 0.717557 0.647315 -0.25709 -0.0472522 5.59538e+06 4.59121e-41 1.51549e-19 
-0.153406 -0.199308 -0.967855 0.00355557 -0.684885 0.727482 -0.0412541 0.00735031 0.71232 0.656541 -0.248103 -0.0535987 5.59538e+06 4.59121e-41 1.51549e-19 
-0.13734 -0.202014 -0.969705 0.00553855 -0.698138 0.714221 -0.0499127 0.00893603 0.702667 0.670133 -0.239124 -0.0579352 5.59538e+06 4.59121e-41 1.51549e-19 
-0.123203 -0.215164 -0.968775 0.00781125 -0.710794 0.700376 -0.0651582 0.00763436 0.692527 0.680572 -0.239226 -0.0626725 5.59538e+06 4.59121e-41 1.51549e-19 
-0.10123 -0.222008 -0.969776 0.00688344 -0.742751 0.665378 -0.0747911 0.00965175 0.661871 0.712731 -0.232253 -0.0671684 5.59538e+06 4.59121e-41 1.51549e-19 
-0.0912599 -0.235948 -0.967471 0.00848319 -0.751326 0.653954 -0.0886157 0.00824825 0.65359 0.718799 -0.236954 -0.0713288 5.59538e+06 4.59121e-41 1.51549e-19 
-0.075902 -0.241759 -0.967363 0.00757569 -0.77256 0.627607 -0.0962315 0.00924025 0.630388 0.740042 -0.23441 -0.0749203 5.59538e+06 4.59121e-41 1.51549e-19 
-0.0717123 -0.249558 -0.965701 0.00904404 -0.778224 0.619594 -0.102326 0.00776711 0.623879 0.744194 -0.238644 -0.0782132 5.59538e+06 4.59121e-41 1.51549e-19 
-0.0660097 -0.243374 -0.967684 0.007954 -0.790228 0.60489 -0.0982257 0.0083242 0.609248 0.758207 -0.232249 -0.0792497 5.59538e+06 4.59121e-41 1.51549e-19 
-0.0654867 -0.24411 -0.967534 0.00955919 -0.795013 0.598745 -0.0972545 0.00632469 0.603047 0.762833 -0.233281 -0.0825501 5.59538e+06 4.59121e-41 1.51549e-19 
-0.0615254 -0.234545 -0.970156 0.00978187 -0.804042 0.587558 -0.0910571 0.00766854 0.59138 0.774444 -0.224734 -0.0826185 5.59538e+06 4.59121e-41 1.51549e-19 
-0.0593205 -0.23888 -0.969235 0.0110091 -0.807395 0.582453 -0.0941376 0.00646483 0.587022 0.776971 -0.227422 -0.0842362 5.59538e+06 4.59121e-41 1.51549e-19 
-0.0547825 -0.229102 -0.97186 0.0110732 -0.813557 0.574544 -0.0895811 0.00820444 0.578899 0.785756 -0.217862 -0.0819542 5.59538e+06 4.59121e-41 1.51549e-19 
-0.0507874 -0.236865 -0.970214 0.0130153 -0.819127 0.565654 -0.0952182 0.00692233 0.57136 0.789893 -0.22275 -0.0832688 5.59538e+06 4.59121e-41 1.51549e-19 
-0.0490674 -0.229609 -0.972045 0.0137963 -0.826624 0.55559 -0.0895104 0.00805961 0.560611 0.799124 -0.217062 -0.080823 5.59538e+06 4.59121e-41 1.51549e-19 
-0.0503292 -0.233637 -0.97102 0.0155765 -0.82502 0.557661 -0.0914169 0.00726206 0.562859 0.79651 -0.220822 -0.0811247 5.59538e+06 4.59121e-41 1.51549e-19 
-0.0497277 -0.222276 -0.973715 0.0168202 -0.829296 0.552495 -0.0837692 0.008751 0.556593 0.803332 -0.211807 -0.0776467 5.59538e+06 4.59121e-41 1.51549e-19 
-0.0502937 -0.217463 -0.974772 0.0193322 -0.830548 0.551156 -0.0801057 0.00868639 0.554671 0.805566 -0.208333 -0.0771693 5.59538e+06 4.59121e-41 1.51549e-19 
-0.0496821 -0.2012 -0.978289 0.0220955 -0.831699 0.550666 -0.0710154 0.010657 0.552999 0.810114 -0.194696 -0.0729239 5.59538e+06 4.59121e-41 1.51549e-19 
-0.0490687 -0.192288 -0.980111 0.0250577 -0.829265 0.554785 -0.0673269 0.0115048 0.556697 0.809468 -0.186681 -0.0717423 5.59538e+06 4.59121e-41 1.51549e-19 
-0.0468616 -0.174531 -0.983536 0.0269263 -0.829143 0.5559 -0.0591405 0.013627 0.557069 0.81272 -0.170762 -0.0680121 5.59538e+06 4.59121e-41 1.51549e-19 
-0.04235 -0.159093 -0.986355 0.0310771 -0.826345 0.56048 -0.0549223 0.0154012 0.56157 0.812743 -0.155202 -0.0658716 5.59538e+06 4.59121e-41 1.51549e-19 
-0.0374075 -0.141549 -0.989224 0.0332568 -0.824762 0.563316 -0.049417 0.0179705 0.564241 0.814026 -0.137816 -0.0610131 5.59538e+06 4.59121e-41 1.51549e-19 
-0.0310958 -0.13282 -0.990652 0.0365347 -0.822609 0.566394 -0.0501171 0.0192844 0.567756 0.813361 -0.126871 -0.0589085 5.59538e+06 4.59121e-41 1.51549e-19 
-0.0200126 -0.120035 -0.992568 0.0397502 -0.821805 0.567387 -0.052047 0.0210807 0.569418 0.814655 -0.110001 -0.0544857 5.59538e+06 4.59121e-41 1.51549e-19 
-0.0134404 -0.117516 -0.99298 0.0420525 -0.820825 0.568412 -0.0561597 0.0214834 0.571021 0.814308 -0.1041 -0.053012 5.59538e+06 4.59121e-41 1.51549e-19 
0.000450462 -0.111102 -0.993809 0.0455758 -0.821254 0.56699 -0.0637583 0.0223884 0.570563 0.816198 -0.0909875 -0.0484656 5.59538e+06 4.59121e-41 1.51549e-19 
0.0150073 -0.111391 -0.993663 0.0503877 -0.822003 0.564431 -0.0756883 0.0223869 0.569286 0.81793 -0.0830932 -0.0454102 5.59538e+06 4.59121e-41 1.51549e-19 
0.0267079 -0.106255 -0.99398 0.05123 -0.825564 0.558338 -0.0818679 0.0234645 0.563676 0.822781 -0.072808 -0.0400722 5.59538e+06 4.59121e-41 1.51549e-19 
0.0382366 -0.105464 -0.993688 0.0545329 -0.827477 0.554133 -0.0906531 0.0233337 0.560196 0.82572 -0.0660808 -0.0372739 5.59538e+06 4.59121e-41 1.51549e-19 
0.0503623 -0.0993212 -0.99378 0.056053 -0.830665 0.548276 -0.0968923 0.0253892 0.554489 0.830379 -0.0548902 -0.0323631 5.59538e+06 4.59121e-41 1.51549e-19 
0.0661566 -0.091024 -0.993649 0.0598067 -0.833493 0.542426 -0.105183 0.0256116 0.548555 0.835158 -0.0399827 -0.0280818 5.59538e+06 4.59121e-41 1.51549e-19 
0.0774981 -0.0786858 -0.993883 0.0611379 -0.835536 0.538756 -0.107804 0.0283192 0.543943 0.838779 -0.0239923 -0.0229456 5.59538e+06 4.59121e-41 1.51549e-19 
0.0897134 -0.0609365 -0.994102 0.0638814 -0.834196 0.540705 -0.108427 0.0292982 0.544123 0.839003 -0.00232446 -0.0184266 5.59538e+06 4.59121e-41 1.51549e-19 
0.0973096 -0.0444492 -0.994261 0.0656608 -0.832675 0.543563 -0.105795 0.0314692 0.545146 0.838191 0.0158822 -0.0133959 5.59538e+06 4.59121e-41 1.51549e-19 
0.104577 -0.0297029 -0.994073 0.0672421 -0.831343 0.545986 -0.103772 0.0324789 0.545833 0.837267 0.0324045 -0.0100021 5.59538e+06 4.59121e-41 1.51549e-19 
0.115545 -0.0119641 -0.99323 0.069649 -0.829717 0.548574 -0.103131 0.0340085 0.546094 0.836017 0.0534579 -0.00426934 5.59538e+06 4.59121e-41 1.51549e-19 
0.124218 -0.00257885 -0.992252 0.0709945 -0.828966 0.549315 -0.105204 0.0349196 0.54533 0.835612 0.0660971 -0.000956621 5.59538e+06 4.59121e-41 1.51549e-19 
0.133296 0.00580889 -0.991059 0.0723399 -0.829007 0.548654 -0.108285 0.0363792 0.54312 0.836029 0.0779492 0.00206455 5.59538e+06 4.59121e-41 1.51549e-19 
0.146614 0.0155714 -0.989071 0.0736636 -0.83077 0.544696 -0.114573 0.0376132 0.536959 0.838489 0.0927961 0.00619778 5.59538e+06 4.59121e-41 1.51549e-19 
0.15674 0.0248717 -0.987327 0.074394 -0.832456 0.541268 -0.118519 0.0388994 0.531461 0.840482 0.105543 0.0094331 5.59538e+06 4.59121e-41 1.51549e-19 
0.167716 0.0351061 -0.98521 0.0749612 -0.835794 0.535039 -0.123215 0.0398642 0.5228 0.844098 0.119076 0.0123893 5.59538e+06 4.59121e-41 1.51549e-19 
0.183022 0.0531238 -0.981673 0.0746218 -0.843455 0.521473 -0.129033 0.0422411 0.505061 0.851612 0.140249 0.0176039 5.59538e+06 4.59121e-41 1.51549e-19 
0.195451 0.0662347 -0.978474 0.0747756 -0.850317 0.508548 -0.135427 0.043264 0.488631 0.858482 0.155717 0.020603 5.59538e+06 4.59121e-41 1.51549e-19 
0.208821 0.0812945 -0.974569 0.0730975 -0.858062 0.49332 -0.142707 0.045109 0.469173 0.866041 0.172771 0.0247028 5.59538e+06 4.59121e-41 1.51549e-19 
0.223623 0.0950072 -0.970034 0.0727426 -0.86501 0.477988 -0.152596 0.0460594 0.449167 0.873213 0.189071 0.0277752 5.59538e+06 4.59121e-41 1.51549e-19 
0.243804 0.115165 -0.962963 0.0708263 -0.873782 0.456898 -0.166582 0.0477305 0.420791 0.882033 0.212022 0.032332 5.59538e+06 4.59121e-41 1.51549e-19 
0.25836 0.128713 -0.957436 0.0699501 -0.878209 0.444215 -0.177263 0.0485262 0.402491 0.886626 0.227804 0.0351604 5.59538e+06 4.59121e-41 1.51549e-19 
0.2747 0.147656 -0.950125 0.066835 -0.882645 0.430693 -0.188258 0.0506122 0.381415 0.890338 0.248639 0.0402847 5.59538e+06 4.59121e-41 1.51549e-19 
0.285818 0.15955 -0.944908 0.0655115 -0.883151 0.426587 -0.195108 0.0511535 0.371957 0.890262 0.262833 0.0429775 5.59538e+06 4.59121e-41 1.51549e-19 
0.296262 0.173884 -0.939145 0.0652374 -0.883085 0.424459 -0.199988 0.0519725 0.363853 0.888594 0.279305 0.0480353 5.59538e+06 4.59121e-41 1.51549e-19 
0.309 0.188472 -0.932201 0.063666 -0.882311 0.422703 -0.207001 0.0522884 0.35503 0.886454 0.296906 0.0515136 5.59538e+06 4.59121e-41 1.51549e-19 
0.318727 0.199147 -0.92669 0.0638576 -0.881975 0.420418 -0.212999 0.0522895 0.347179 0.885206 0.309641 0.0545625 5.59538e+06 4.59121e-41 1.51549e-19 
0.328788 0.208811 -0.92103 0.0627778 -0.882469 0.41529 -0.220869 0.0522013 0.336375 0.885399 0.320812 0.0567333 5.59538e+06 4.59121e-41 1.51549e-19 
0.343575 0.221205 -0.912702 0.0626587 -0.883272 0.406278 -0.23403 0.0527599 0.319042 0.88657 0.334971 0.0601904 5.59538e+06 4.59121e-41 1.51549e-19 
0.355109 0.229587 -0.906194 0.0616899 -0.884277 0.396939 -0.245954 0.0525607 0.303235 0.888667 0.343975 0.0618915 5.59538e+06 4.59121e-41 1.51549e-19 
0.366018 0.237673 -0.899746 0.0609483 -0.885001 0.387856 -0.257566 0.0533576 0.287755 0.89055 0.352303 0.0629462 5.59538e+06 4.59121e-41 1.51549e-19 
0.380827 0.248233 -0.890703 0.059594 -0.886399 0.372195 -0.275259 0.0529948 0.263187 0.894344 0.361775 0.064141 5.59538e+06 4.59121e-41 1.51549e-19 
0.39113 0.257931 -0.883453 0.0575345 -0.888386 0.356542 -0.289219 0.055091 0.24039 0.89797 0.368596 0.0657142 5.59538e+06 4.59121e-41 1.51549e-19 
0.400497 0.266108 -0.876806 0.056181 -0.88909 0.344313 -0.301609 0.0549245 0.221635 0.900353 0.374491 0.0658523 5.59538e+06 4.59121e-41 1.51549e-19 
0.407435 0.277144 -0.870166 0.0519293 -0.889902 0.334496 -0.310141 0.0589334 0.205114 0.900724 0.382916 0.0673782 5.59538e+06 4.59121e-41 1.51549e-19 
0.4091 0.282524 -0.867651 0.0503175 -0.890109 0.33286 -0.311303 0.0590772 0.200856 0.899658 0.387651 0.0669309 5.59538e+06 4.59121e-41 1.51549e-19 
0.407793 0.287749 -0.866548 0.049956 -0.890639 0.334443 -0.308074 0.060587 0.201163 0.897412 0.392664 0.0685244 5.59538e+06 4.59121e-41 1.51549e-19 
0.399968 0.290203 -0.869372 0.0482476 -0.891954 0.341429 -0.296385 0.0606575 0.210817 0.893985 0.395409 0.0671378 5.59538e+06 4.59121e-41 1.51549e-19 
0.39324 0.29189 -0.871873 0.0499868 -0.892181 0.350316 -0.285119 0.0600205 0.222207 0.889988 0.398177 0.067217 5.59538e+06 4.59121e-41 1.51549e-19 
0.384314 0.294323 -0.87503 0.0491055 -0.89354 0.356915 -0.272392 0.0599175 0.23214 0.886558 0.400157 0.0657935 5.59538e+06 4.59121e-41 1.51549e-19 
0.373149 0.300095 -0.877897 0.0506444 -0.894975 0.365797 -0.255367 0.0598817 0.244497 0.880986 0.405075 0.0652056 5.59538e+06 4.59121e-41 1.51549e-19 
0.364349 0.304996 -0.879902 0.0499801 -0.896579 0.370342 -0.242884 0.0600795 0.251786 0.877396 0.408387 0.0635494 5.59538e+06 4.59121e-41 1.51549e-19 
0.355762 0.310133 -0.881618 0.049183 -0.898094 0.374445 -0.23069 0.0600779 0.258573 0.873847 0.411742 0.0633482 5.59538e+06 4.59121e-41 1.51549e-19 
0.34665 0.315173 -0.883459 0.0480715 -0.899035 0.380265 -0.217103 0.060326 0.267524 0.86952 0.415171 0.0609432 5.59538e+06 4.59121e-41 1.51549e-19 
0.339546 0.316563 -0.885718 0.0469261 -0.897588 0.390523 -0.20452 0.0608845 0.281149 0.864454 0.416743 0.0600804 5.59538e+06 4.59121e-41 1.51549e-19 
0.329791 0.315319 -0.889838 0.0457611 -0.893345 0.408999 -0.186159 0.0606404 0.305243 0.856326 0.416572 0.0574224 5.59538e+06 4.59121e-41 1.51549e-19 
0.321006 0.314242 -0.893425 0.0477565 -0.888512 0.426507 -0.169227 0.059544 0.327874 0.848141 0.416119 0.0560657 5.59538e+06 4.59121e-41 1.51549e-19 
0.311315 0.311985 -0.897635 0.047474 -0.882763 0.444687 -0.1516 0.0586954 0.35187 0.839594 0.413847 0.0536598 5.59538e+06 4.59121e-41 1.51549e-19 
0.301813 0.309876 -0.901602 0.0496238 -0.876163 0.462962 -0.13418 0.0595808 0.375828 0.830448 0.41123 0.0523803 5.59538e+06 4.59121e-41 1.51549e-19 
0.289821 0.307019 -0.9065 0.0499467 -0.870056 0.479137 -0.115892 0.0578562 0.398756 0.822294 0.405988 0.0488056 5.59538e+06 4.59121e-41 1.51549e-19 
0.282081 0.304923 -0.909644 0.0510132 -0.86559 0.489785 -0.104238 0.0571763 0.413746 0.816782 0.402097 0.0464312 5.59538e+06 4.59121e-41 1.51549e-19 
0.275836 0.303042 -0.912184 0.0513246 -0.860716 0.500321 -0.0940587 0.0556937 0.427881 0.811077 0.39884 0.0437148 5.59538e+06 4.59121e-41 1.51549e-19 
0.267485 0.299414 -0.915862 0.0492031 -0.854041 0.513788 -0.0814618 0.0550502 0.446168 0.803974 0.393143 0.0403634 5.59538e+06 4.59121e-41 1.51549e-19 
0.261868 0.294376 -0.919113 0.0491894 -0.848188 0.524549 -0.0736563 0.0533844 0.460437 0.798869 0.387049 0.0372609 5.59538e+06 4.59121e-41 1.51549e-19 
0.252576 0.285464 -0.924509 0.0443637 -0.841726 0.536045 -0.064443 0.0532797 0.477182 0.79446 0.375674 0.0326015 5.59538e+06 4.59121e-41 1.51549e-19 
0.2464 0.276364 -0.92893 0.043904 -0.836078 0.545372 -0.059518 0.0514727 0.490164 0.791323 0.365442 0.0288558 5.59538e+06 4.59121e-41 1.51549e-19 
0.239514 0.267011 -0.933455 0.0397556 -0.831706 0.552448 -0.0553809 0.0513571 0.500898 0.789625 0.354393 0.0252439 5.59538e+06 4.59121e-41 1.51549e-19 
0.233346 0.256207 -0.938034 0.03894 -0.826888 0.559886 -0.0527747 0.0494843 0.511671 0.787963 0.342502 0.0211806 5.59538e+06 4.59121e-41 1.51549e-19 
0.223903 0.240772 -0.944403 0.0349571 -0.821988 0.567284 -0.0502538 0.0484868 0.523644 0.787539 0.324928 0.0160624 5.59538e+06 4.59121e-41 1.51549e-19 
0.21662 0.228718 -0.949086 0.0337854 -0.818137 0.572962 -0.0486551 0.0465517 0.532662 0.787022 0.311237 0.0116163 5.59538e+06 4.59121e-41 1.51549e-19 
0.208862 0.217039 -0.953557 0.0296747 -0.815032 0.577501 -0.0470748 0.046004 0.540463 0.787011 0.297512 0.00792744 5.59538e+06 4.59121e-41 1.51549e-19 
0.199347 0.200942 -0.959105 0.0276881 -0.809917 0.584752 -0.0458268 0.0434897 0.55163 0.785931 0.279315 0.0019122 5.59538e+06 4.59121e-41 1.51549e-19 
0.192071 0.188253 -0.963156 0.0250222 -0.80656 0.589388 -0.0456439 0.0438836 0.55908 0.78561 0.265042 -0.00195592 5.59538e+06 4.59121e-41 1.51549e-19 
0.184701 0.176444 -0.966827 0.0234499 -0.803557 0.59351 -0.0451953 0.0421068 0.565847 0.785248 0.251404 -0.00660258 5.59538e+06 4.59121e-41 1.51549e-19 
0.173686 0.16211 -0.971367 0.0206834 -0.800321 0.598006 -0.0433017 0.0409445 0.573863 0.784927 0.233606 -0.0102158 5.59538e+06 4.59121e-41 1.51549e-19 
0.164382 0.151961 -0.974621 0.0190655 -0.798683 0.600346 -0.0411029 0.0392066 0.578864 0.78517 0.220054 -0.0147755 5.59538e+06 4.59121e-41 1.51549e-19 
0.153987 0.143431 -0.977607 0.0174693 -0.796907 0.602964 -0.037059 0.0377137 0.584147 0.784768 0.20715 -0.0166588 5.59538e+06 4.59121e-41 1.51549e-19 
0.138461 0.133712 -0.9813 0.0151463 -0.794565 0.606463 -0.0294763 0.0352482 0.591181 0.783788 0.190214 -0.0226612 5.59538e+06 4.59121e-41 1.51549e-19 
0.125697 0.127602 -0.983828 0.0133584 -0.791986 0.610141 -0.0220518 0.0338975 0.59746 0.78195 0.177752 -0.0244652 5.59538e+06 4.59121e-41 1.51549e-19 
0.106584 0.119016 -0.987155 0.010836 -0.78828 0.61522 -0.010937 0.0312115 0.606015 0.77932 0.159391 -0.0304222 5.59538e+06 4.59121e-41 1.51549e-19 
0.0922409 0.112751 -0.989332 0.01105 -0.784919 0.619593 -0.00256941 0.029129 0.612694 0.776783 0.145652 -0.0318047 5.59538e+06 4.59121e-41 1.51549e-19 
0.078787 0.105207 -0.991324 0.0094624 -0.781922 0.623364 0.00401187 0.0269427 0.618378 0.774822 0.131377 -0.0359496 5.59538e+06 4.59121e-41 1.51549e-19 
0.0631241 0.0945186 -0.99352 0.00889781 -0.777855 0.628358 0.0103573 0.0257926 0.625266 0.772161 0.113186 -0.0395306 5.59538e+06 4.59121e-41 1.51549e-19 
0.0529986 0.0861011 -0.994876 0.00752316 -0.776342 0.630174 0.0131812 0.0236724 0.62808 0.771665 0.100242 -0.0433895 5.59538e+06 4.59121e-41 1.51549e-19 
0.0426145 0.0777929 -0.996059 0.00568474 -0.774361 0.632535 0.016272 0.0224125 0.631308 0.770615 0.0871949 -0.0468088 5.59538e+06 4.59121e-41 1.51549e-19 
0.0284001 0.0673877 -0.997323 0.00376652 -0.770829 0.636694 0.0210703 0.0195084 0.636409 0.768166 0.0700266 -0.0519062 5.59538e+06 4.59121e-41 1.51549e-19 
0.016887 0.0604704 -0.998027 0.00155385 -0.767887 0.640066 0.0257888 0.0182221 0.640363 0.765936 0.0572433 -0.0557453 5.59538e+06 4.59121e-41 1.51549e-19 
0.00589988 0.0552765 -0.998454 8.78107e-05 -0.764051 0.644403 0.0311608 0.0159758 0.645129 0.762686 0.0460359 -0.059518 5.59538e+06 4.59121e-41 1.51549e-19 
-0.00694919 0.0480257 -0.998822 -0.00150997 -0.75839 0.650775 0.0365672 0.0137661 0.651764 0.757751 0.0318999 -0.0640126 5.59538e+06 4.59121e-41 1.51549e-19 
-0.0124587 0.0438774 -0.998959 -0.00230709 -0.755371 0.654186 0.0381547 0.012131 0.655179 0.75506 0.0249935 -0.0663256 5.59538e+06 4.59121e-41 1.51549e-19 
-0.0201917 0.0331813 -0.999245 -0.00282921 -0.748519 0.662074 0.0371104 0.00997478 0.662806 0.748703 0.0114684 -0.0691744 5.59538e+06 4.59121e-41 1.51549e-19 
-0.0230769 0.0203438 -0.999527 -0.00371092 -0.74311 0.668462 0.0307623 0.00656502 0.668772 0.743468 -0.000308335 -0.0729306 5.59538e+06 4.59121e-41 1.51549e-19 
-0.0252768 0.0109358 -0.999621 -0.00434712 -0.739119 0.67307 0.0260531 0.00591363 0.6731 0.739498 -0.00893015 -0.0755407 5.59538e+06 4.59121e-41 1.51549e-19 
-0.027149 0.00285777 -0.999627 -0.00484007 -0.735949 0.676682 0.0219223 0.00344854 0.676493 0.73627 -0.016268 -0.0781342 5.59538e+06 4.59121e-41 1.51549e-19 
-0.0311832 -0.004062 -0.999505 -0.00604554 -0.732143 0.680855 0.0200748 0.00273381 0.680437 0.732407 -0.0242052 -0.0803614 5.59538e+06 4.59121e-41 1.51549e-19 
-0.0345956 -0.00642025 -0.999381 -0.0065163 -0.728799 0.684411 0.0208321 0.000362861 0.683853 0.729068 -0.0283566 -0.0825758 5.59538e+06 4.59121e-41 1.51549e-19 
-0.0372308 -0.00663179 -0.999285 -0.00739475 -0.724483 0.688928 0.0224204 -0.000115958 0.688287 0.724799 -0.030454 -0.0828077 5.59538e+06 4.59121e-41 1.51549e-19 
-0.0407102 -0.00536874 -0.999157 -0.00761025 -0.718912 0.694631 0.0255594 -0.00311713 0.693908 0.719346 -0.0321382 -0.0849812 5.59538e+06 4.59121e-41 1.51549e-19 
-0.0422811 -0.00450337 -0.999096 -0.00725327 -0.715221 0.698372 0.0271199 -0.00351294 0.697618 0.715721 -0.0327488 -0.0837346 5.59538e+06 4.59121e-41 1.51549e-19 
-0.0437564 -0.00399646 -0.999034 -0.00701832 -0.71093 0.702692 0.0283269 -0.00580127 0.701901 0.711483 -0.0335885 -0.0846827 5.59538e+06 4.59121e-41 1.51549e-19 
-0.0469685 -0.00248805 -0.998893 -0.00708346 -0.705158 0.708355 0.0313925 -0.00722748 0.707493 0.705852 -0.0350248 -0.0849691 5.59538e+06 4.59121e-41 1.51549e-19 
-0.0500672 -0.00121048 -0.998745 -0.00696416 -0.701648 0.711697 0.0343111 -0.00937144 0.710762 0.702486 -0.036482 -0.0857236 5.59538e+06 4.59121e-41 1.51549e-19 
-0.0520666 -0.000146568 -0.998644 -0.00746092 -0.701078 0.712152 0.0364479 -0.0103967 0.711181 0.702025 -0.0371821 -0.0876657 5.59538e+06 4.59121e-41 1.51549e-19 
-0.0513766 0.00188431 -0.998678 -0.00730042 -0.703659 0.709546 0.0375383 -0.0131207 0.708678 0.704657 -0.0351281 -0.0886405 5.59538e+06 4.59121e-41 1.51549e-19 
-0.0481696 0.0038588 -0.998832 -0.00756314 -0.706815 0.70644 0.0368161 -0.0134899 0.705757 0.707763 -0.0313014 -0.0885866 5.59538e+06 4.59121e-41 1.51549e-19 
-0.0456221 0.00640899 -0.998938 -0.00736736 -0.709326 0.703913 0.0369116 -0.015238 0.703403 0.710257 -0.0275679 -0.0887274 5.59538e+06 4.59121e-41 1.51549e-19 
-0.0459832 0.00775588 -0.998912 -0.00682194 -0.713955 0.699144 0.038294 -0.0161453 0.69868 0.714939 -0.0266115 -0.0888092 5.59538e+06 4.59121e-41 1.51549e-19 
-0.0469479 0.00454962 -0.998887 -0.00661819 -0.722136 0.690756 0.0370867 -0.0173076 0.690156 0.723073 -0.0291441 -0.0887871 5.59538e+06 4.59121e-41 1.51549e-19 
-0.0430691 -0.00301385 -0.999068 -0.00581538 -0.74817 0.662816 0.0302537 -0.0155562 0.662107 0.748776 -0.0308018 -0.0886543 5.59538e+06 4.59121e-41 1.51549e-19 
-0.0348236 -0.00129762 -0.999393 -0.00592059 -0.756943 0.652983 0.0255277 -0.0153141 0.652553 0.757372 -0.0237214 -0.0884739 5.59538e+06 4.59121e-41 1.51549e-19 
-0.0274396 0.000512093 -0.999623 -0.00572232 -0.763778 0.645128 0.0212962 -0.0149946 0.644896 0.764075 -0.0173109 -0.0877845 5.59538e+06 4.59121e-41 1.51549e-19 
-0.0160238 0.00240242 -0.999869 -0.00506319 -0.773768 0.633316 0.0139221 -0.0156173 0.633267 0.773889 -0.0082891 -0.0857202 5.59538e+06 4.59121e-41 1.51549e-19 
-0.00726517 0.00339589 -0.999968 -0.00475986 -0.778917 0.627079 0.00778869 -0.0157267 0.627085 0.778948 -0.00191075 -0.0846998 5.59538e+06 4.59121e-41 1.51549e-19 
0.00087741 0.00443342 -0.99999 -0.00439332 -0.782452 0.622707 0.00207433 -0.0159878 0.62271 0.782442 0.00401539 -0.0835938 5.59538e+06 4.59121e-41 1.51549e-19 
0.00974503 0.00758061 -0.999924 -0.00232594 -0.785129 0.619326 -0.00295645 -0.0152111 0.619256 0.785098 0.0119871 -0.0813685 5.59538e+06 4.59121e-41 1.51549e-19 
0.014487 0.0141634 -0.999795 -0.00138952 -0.785675 0.618634 -0.00262064 -0.0160303 0.61847 0.785551 0.02009 -0.0794085 5.59538e+06 4.59121e-41 1.51549e-19 
0.0149119 0.0213988 -0.99966 0.00156017 -0.785034 0.619451 0.00154972 -0.0146972 0.619273 0.784744 0.026036 -0.0769522 5.59538e+06 4.59121e-41 1.51549e-19 
0.0123513 0.0328403 -0.999384 0.00263085 -0.783403 0.621421 0.0107383 -0.0150544 0.621392 0.782788 0.0334026 -0.0753864 5.59538e+06 4.59121e-41 1.51549e-19 
0.0138376 0.0398648 -0.999109 0.00609587 -0.782418 0.622596 0.0140054 -0.0146427 0.6226 0.781527 0.0398062 -0.0735219 5.59538e+06 4.59121e-41 1.51549e-19 
0.0168978 0.044163 -0.998882 0.00725227 -0.782665 0.62228 0.0142725 -0.0150386 0.622214 0.781548 0.04508 -0.0726675 5.59538e+06 4.59121e-41 1.51549e-19 
0.0215402 0.0459855 -0.99871 0.00980384 -0.783354 0.621466 0.0117199 -0.0148376 0.621203 0.782091 0.0494095 -0.0723399 5.59538e+06 4.59121e-41 1.51549e-19 
0.0240483 0.0449132 -0.998701 0.0109372 -0.783471 0.621362 0.00907803 -0.0154752 0.620963 0.782235 0.0501309 -0.0720963 5.59538e+06 4.59121e-41 1.51549e-19 
0.0238072 0.0442722 -0.998736 0.0114941 -0.783596 0.621208 0.0088582 -0.0152364 0.620815 0.782394 0.0494806 -0.0735771 5.59538e+06 4.59121e-41 1.51549e-19 
0.0219899 0.0421738 -0.998868 0.0126508 -0.785006 0.619425 0.00887135 -0.016054 0.619098 0.783922 0.0467278 -0.0742427 5.59538e+06 4.59121e-41 1.51549e-19 
0.0211026 0.0386311 -0.999031 0.0127303 -0.785141 0.619273 0.00736183 -0.0150716 0.618957 0.784225 0.0433992 -0.0759127 5.59538e+06 4.59121e-41 1.51549e-19 
0.0195756 0.0373001 -0.999112 0.0133844 -0.784727 0.619793 0.0077638 -0.0155978 0.619533 0.783878 0.0414032 -0.0765742 5.59538e+06 4.59121e-41 1.51549e-19 
0.0186934 0.0372303 -0.999132 0.0144967 -0.786997 0.616901 0.0082629 -0.0155358 0.616673 0.78616 0.0408322 -0.0771792 5.59538e+06 4.59121e-41 1.51549e-19 
0.0191772 0.0340756 -0.999235 0.0154409 -0.788414 0.615118 0.00584546 -0.0161315 0.614847 0.787699 0.0386618 -0.0778667 5.59538e+06 4.59121e-41 1.51549e-19 
0.0200983 0.0319302 -0.999288 0.0143993 -0.7904 0.61258 0.00367674 -0.0155666 0.612261 0.789763 0.0375495 -0.0773662 5.59538e+06 4.59121e-41 1.51549e-19 
0.0212868 0.0298586 -0.999327 0.0149006 -0.791915 0.61063 0.00137618 -0.0162035 0.61026 0.791353 0.0366439 -0.0775811 5.59538e+06 4.59121e-41 1.51549e-19 
0.0212528 0.030303 -0.999315 0.0152317 -0.792233 0.610217 0.00165552 -0.0154766 0.609849 0.791654 0.0369759 -0.0760434 5.59538e+06 4.59121e-41 1.51549e-19 
0.0207458 0.0310407 -0.999303 0.0157106 -0.792167 0.610299 0.00251177 -0.0159782 0.609952 0.791563 0.0372506 -0.0758179 5.59538e+06 4.59121e-41 1.51549e-19 
0.0201976 0.0325413 -0.999266 0.0169631 -0.791565 0.611073 0.00390023 -0.0153041 0.610751 0.790905 0.0381008 -0.0738034 5.59538e+06 4.59121e-41 1.51549e-19 
0.0191451 0.0331548 -0.999267 0.0177299 -0.791138 0.611617 0.00513545 -0.0159102 0.611339 0.790459 0.0379395 -0.0733046 5.59538e+06 4.59121e-41 1.51549e-19 
0.0182927 0.0334159 -0.999274 0.0185122 -0.791255 0.611457 0.00596264 -0.0151409 0.611212 0.790572 0.0376257 -0.0723012 5.59538e+06 4.59121e-41 1.51549e-19 
0.0174911 0.0329914 -0.999303 0.0195671 -0.791516 0.611116 0.00632161 -0.0158348 0.610898 0.790853 0.0368024 -0.0715165 5.59538e+06 4.59121e-41 1.51549e-19 
0.0171458 0.0318218 -0.999347 0.0212348 -0.792069 0.610403 0.00584739 -0.0153601 0.610191 0.791451 0.0356709 -0.0705307 5.59538e+06 4.59121e-41 1.51549e-19 
0.0173 0.0287564 -0.999437 0.0225839 -0.792907 0.609331 0.00380701 -0.0160681 0.609097 0.792394 0.0333425 -0.0697773 5.59538e+06 4.59121e-41 1.51549e-19 
0.0176821 0.022669 -0.999587 0.0246433 -0.794329 0.607488 -0.00027442 -0.0157707 0.607231 0.794005 0.0287483 -0.0679562 5.59538e+06 4.59121e-41 1.51549e-19 
0.018188 0.0180739 -0.999671 0.0264456 -0.795563 0.605861 -0.00352049 -0.0165856 0.605598 0.795366 0.0253984 -0.0667959 5.59538e+06 4.59121e-41 1.51549e-19 
0.0185916 0.014839 -0.999717 0.0285649 -0.796686 0.604366 -0.00584519 -0.0161737 0.604108 0.796569 0.0230582 -0.0654336 5.59538e+06 4.59121e-41 1.51549e-19 
0.0185527 0.0142518 -0.999726 0.0314467 -0.797598 0.603157 -0.00620326 -0.0169378 0.602904 0.797495 0.0225574 -0.0634219 5.59538e+06 4.59121e-41 1.51549e-19 
0.0180405 0.0160767 -0.999708 0.0334996 -0.798345 0.602183 -0.00472265 -0.0162108 0.601931 0.798197 0.0236985 -0.0609253 5.59538e+06 4.59121e-41 1.51549e-19 
0.0171537 0.0186782 -0.999678 0.035802 -0.798732 0.601682 -0.00246355 -0.0165374 0.601442 0.798518 0.02524 -0.0592461 5.59538e+06 4.59121e-41 1.51549e-19 
0.016242 0.0201003 -0.999666 0.0390845 -0.799275 0.600965 -0.000902534 -0.015901 0.600746 0.799023 0.0258266 -0.0554393 5.59538e+06 4.59121e-41 1.51549e-19 
0.0167436 0.0195343 -0.999669 0.0415591 -0.799725 0.600364 -0.00166315 -0.0162918 0.600132 0.799489 0.0256743 -0.0535952 5.59538e+06 4.59121e-41 1.51549e-19 
0.0187396 0.0186592 -0.99965 0.0442694 -0.800128 0.599817 -0.00380322 -0.0156119 0.599537 0.799919 0.0261701 -0.0513366 5.59538e+06 4.59121e-41 1.51549e-19 
0.0236261 0.0177006 -0.999564 0.0478619 -0.801084 0.598494 -0.00833642 -0.0162472 0.598086 0.800932 0.0283197 -0.0489477 5.59538e+06 4.59121e-41 1.51549e-19 
0.0275618 0.0176424 -0.999464 0.0504214 -0.802366 0.59672 -0.0115933 -0.0154416 0.596195 0.802256 0.0306023 -0.0475344 5.59538e+06 4.59121e-41 1.51549e-19 
0.0319992 0.017668 -0.999332 0.0531176 -0.803319 0.595355 -0.0151969 -0.0158815 0.594689 0.803269 0.033244 -0.0460256 5.59538e+06 4.59121e-41 1.51549e-19 
0.0379066 0.0164938 -0.999145 0.0567988 -0.803703 0.594672 -0.020675 -0.0156142 0.593822 0.8038 0.0357981 -0.0440727 5.59538e+06 4.59121e-41 1.51549e-19 
0.0423279 0.0153716 -0.998986 0.0594905 -0.803218 0.595166 -0.024875 -0.0162026 0.59418 0.803456 0.0375389 -0.0427651 5.59538e+06 4.59121e-41 1.51549e-19 
0.0465551 0.0145506 -0.99881 0.0624896 -0.802388 0.596111 -0.0287157 -0.0152373 0.594984 0.80277 0.0394272 -0.0410255 5.59538e+06 4.59121e-41 1.51549e-19 
0.0522245 0.0131842 -0.998548 0.0661483 -0.801393 0.597169 -0.0340285 -0.0160127 0.595854 0.802007 0.0417526 -0.0391032 5.59538e+06 4.59121e-41 1.51549e-19 
0.057563 0.0111917 -0.998279 0.0694492 -0.800291 0.598314 -0.0394388 -0.0155309 0.596843 0.801184 0.0433974 -0.0367411 5.59538e+06 4.59121e-41 1.51549e-19 
0.0635346 0.00939283 -0.997936 0.0724653 -0.797166 0.602074 -0.0450854 -0.0163844 0.600408 0.798385 0.0457402 -0.0347534 5.59538e+06 4.59121e-41 1.51549e-19 
0.0700614 0.015871 -0.997416 0.0756984 -0.790924 0.610195 -0.0458471 -0.0155859 0.607891 0.792092 0.0553039 -0.0318963 5.59538e+06 4.59121e-41 1.51549e-19 
0.0723461 0.0295669 -0.996941 0.0781146 -0.787242 0.615418 -0.0388767 -0.0154724 0.612386 0.787646 0.0677994 -0.0295541 5.59538e+06 4.59121e-41 1.51549e-19 
0.0738957 0.0431512 -0.996332 0.080487 -0.785496 0.618066 -0.0314899 -0.0142598 0.61444 0.784941 0.0795675 -0.0235768 5.59538e+06 4.59121e-41 1.51549e-19 
0.0779194 0.0523219 -0.995586 0.083306 -0.780818 0.624117 -0.0283107 -0.0145298 0.619881 0.779577 0.0894848 -0.0195169 5.59538e+06 4.59121e-41 1.51549e-19 
0.0836062 0.0539696 -0.995036 0.0855768 -0.774513 0.631807 -0.0308085 -0.0145165 0.627009 0.773245 0.0946232 -0.0169531 5.59538e+06 4.59121e-41 1.51549e-19 
0.0893144 0.056315 -0.99441 0.0876555 -0.770401 0.636697 -0.0331375 -0.0152956 0.631272 0.769055 0.100251 -0.0140914 5.59538e+06 4.59121e-41 1.51549e-19 
0.0949686 0.0639407 -0.993425 0.0900658 -0.768594 0.638918 -0.0323522 -0.0149888 0.632648 0.766613 0.109822 -0.0111002 5.59538e+06 4.59121e-41 1.51549e-19 
0.0990141 0.0701867 -0.992608 0.0919515 -0.76833 0.639281 -0.0314387 -0.0156913 0.632349 0.765763 0.117225 -0.00869696 5.59538e+06 4.59121e-41 1.51549e-19 
0.102924 0.0757414 -0.991801 0.0937639 -0.768363 0.639267 -0.0309176 -0.0164076 0.631684 0.765246 0.123993 -0.00645258 5.59538e+06 4.59121e-41 1.51549e-19 
0.109136 0.079459 -0.990846 0.0951571 -0.767719 0.639924 -0.0332423 -0.0146107 0.631425 0.764319 0.130841 -0.00342893 5.59538e+06 4.59121e-41 1.51549e-19 
0.114483 0.0804772 -0.99016 0.0949287 -0.768389 0.638918 -0.0369121 -0.0125837 0.629661 0.765054 0.134983 -0.00202053 5.59538e+06 4.59121e-41 1.51549e-19 
0.120021 0.0799778 -0.989545 0.0963725 -0.769439 0.63735 -0.0418123 -0.0129123 0.627342 0.766413 0.138033 -0.000404061 5.59538e+06 4.59121e-41 1.51549e-19 
0.126549 0.0801221 -0.988719 0.0982555 -0.770864 0.635249 -0.0471867 -0.0121601 0.624303 0.76814 0.142153 0.00230913 5.59538e+06 4.59121e-41 1.51549e-19 
0.131399 0.0798343 -0.98811 0.0997762 -0.772194 0.633295 -0.0515192 -0.0125452 0.621652 0.769782 0.144862 0.00383781 5.59538e+06 4.59121e-41 1.51549e-19 
0.136016 0.0794699 -0.987514 0.101604 -0.773097 0.631843 -0.0556354 -0.0115335 0.619533 0.771011 0.147379 0.00644634 5.59538e+06 4.59121e-41 1.51549e-19 
0.141769 0.0775213 -0.98686 0.103752 -0.774213 0.629906 -0.0617398 -0.0120438 0.616843 0.772793 0.149319 0.00838225 5.59538e+06 4.59121e-41 1.51549e-19 
0.14559 0.0751531 -0.986486 0.106386 -0.775353 0.628008 -0.0665871 -0.0111104 0.614517 0.77457 0.149702 0.00999729 5.59538e+06 4.59121e-41 1.51549e-19 
0.148695 0.0721762 -0.986246 0.108212 -0.777183 0.625209 -0.0714206 -0.0113494 0.611454 0.777113 0.14906 0.0111412 5.59538e+06 4.59121e-41 1.51549e-19 
0.152032 0.0673709 -0.986077 0.111055 -0.779742 0.621251 -0.0777744 -0.011055 0.607362 0.78071 0.146982 0.0123165 5.59538e+06 4.59121e-41 1.51549e-19 
0.154168 0.0627734 -0.986049 0.112955 -0.781653 0.618186 -0.0828557 -0.0113655 0.60436 0.783521 0.144371 0.0133421 5.59538e+06 4.59121e-41 1.51549e-19 
0.15647 0.0587384 -0.985935 0.115019 -0.783486 0.615191 -0.08769 -0.0104496 0.601387 0.786187 0.14228 0.0146954 5.59538e+06 4.59121e-41 1.51549e-19 
0.15933 0.0555889 -0.985659 0.11742 -0.786241 0.610936 -0.0926391 -0.0107121 0.597025 0.789726 0.141047 0.0163122 5.59538e+06 4.59121e-41 1.51549e-19 
0.161175 0.0561355 -0.985328 0.11836 -0.788397 0.607891 -0.0943293 -0.00999222 0.593677 0.792034 0.142234 0.0185583 5.59538e+06 4.59121e-41 1.51549e-19 
0.163914 0.0595215 -0.984677 0.120094 -0.790287 0.605334 -0.0949638 -0.00987306 0.590406 0.793743 0.146262 0.0205576 5.59538e+06 4.59121e-41 1.51549e-19 
0.166224 0.0625468 -0.984102 0.121427 -0.79161 0.603542 -0.0953511 -0.00975806 0.587983 0.794875 0.149836 0.0235782 5.59538e+06 4.59121e-41 1.51549e-19 
0.169175 0.0657635 -0.98339 0.122417 -0.793043 0.601521 -0.0962029 -0.00975109 0.585203 0.796145 0.153916 0.0254082 5.59538e+06 4.59121e-41 1.51549e-19 
0.172607 0.0689058 -0.982578 0.123213 -0.794841 0.598913 -0.0976273 -0.00972754 0.581752 0.797844 0.158146 0.0286262 5.59538e+06 4.59121e-41 1.51549e-19 
0.177639 0.0725739 -0.981416 0.12427 -0.797292 0.595202 -0.100298 -0.00993885 0.576862 0.800292 0.163594 0.03149 5.59538e+06 4.59121e-41 1.51549e-19 
0.180965 0.0765058 -0.980509 0.125623 -0.798893 0.592901 -0.101184 -0.00888701 0.573603 0.801633 0.168414 0.0335866 5.59538e+06 4.59121e-41 1.51549e-19 
0.184826 0.0833202 -0.979233 0.126526 -0.801227 0.589767 -0.101046 -0.00900417 0.5691 0.803264 0.175763 0.0364785 5.59538e+06 4.59121e-41 1.51549e-19 
0.186683 0.0891933 -0.978363 0.127811 -0.802913 0.587712 -0.0996258 -0.00810815 0.56611 0.804139 0.18133 0.0388538 5.59538e+06 4.59121e-41 1.51549e-19 
0.18803 0.095802 -0.97748 0.128372 -0.804482 0.58595 -0.0973233 -0.00821312 0.563431 0.804664 0.187247 0.0410036 5.59538e+06 4.59121e-41 1.51549e-19 
0.190149 0.104944 -0.97613 0.130037 -0.806998 0.58294 -0.0945301 -0.00806617 0.559105 0.80571 0.195535 0.0441091 5.59538e+06 4.59121e-41 1.51549e-19 
0.192092 0.112275 -0.974933 0.130528 -0.80872 0.580883 -0.0924474 -0.008368 0.555943 0.806206 0.202382 0.0462289 5.59538e+06 4.59121e-41 1.51549e-19 
0.193665 0.119763 -0.97373 0.131069 -0.809581 0.58012 -0.0896662 -0.00832849 0.554142 0.805679 0.209306 0.0479766 5.59538e+06 4.59121e-41 1.51549e-19 
0.194956 0.129609 -0.972211 0.131487 -0.809055 0.581597 -0.0847038 -0.00915899 0.554457 0.803085 0.218247 0.0503455 5.59538e+06 4.59121e-41 1.51549e-19 
0.195112 0.13592 -0.971317 0.132845 -0.807036 0.585024 -0.0802481 -0.00893132 0.557337 0.799545 0.223838 0.051665 5.59538e+06 4.59121e-41 1.51549e-19 
0.195468 0.141272 -0.970482 0.132954 -0.802439 0.591945 -0.0754528 -0.00982004 0.563812 0.793501 0.229068 0.0529793 5.59538e+06 4.59121e-41 1.51549e-19 
0.197442 0.14608 -0.96937 0.134469 -0.794432 0.603199 -0.0709111 -0.0105613 0.574364 0.784099 0.235147 0.0540939 5.59538e+06 4.59121e-41 1.51549e-19 
0.200007 0.146702 -0.968749 0.134421 -0.787034 0.612963 -0.0696666 -0.0115298 0.583587 0.776373 0.238057 0.05452 5.59538e+06 4.59121e-41 1.51549e-19 
0.202445 0.146153 -0.968326 0.135498 -0.777646 0.624988 -0.0682484 -0.0121709 0.595217 0.766831 0.240181 0.0544318 5.59538e+06 4.59121e-41 1.51549e-19 
0.205685 0.144312 -0.967919 0.135376 -0.762161 0.64402 -0.0659414 -0.0133233 0.613843 0.751274 0.242454 0.0541729 5.59538e+06 4.59121e-41 1.51549e-19 
0.206836 0.143589 -0.967781 0.136859 -0.749199 0.659411 -0.0622835 -0.0145868 0.629222 0.737943 0.243967 0.0537129 5.59538e+06 4.59121e-41 1.51549e-19 
0.206922 0.142023 -0.967994 0.137058 -0.735327 0.675216 -0.0581197 -0.015629 0.645351 0.723819 0.24415 0.0532896 5.59538e+06 4.59121e-41 1.51549e-19 
0.207035 0.139483 -0.968339 0.138511 -0.71777 0.694225 -0.0534632 -0.0160571 0.664788 0.706113 0.243846 0.0535543 5.59538e+06 4.59121e-41 1.51549e-19 
0.207509 0.137686 -0.968495 0.13904 -0.705179 0.707225 -0.0505484 -0.0170442 0.677984 0.693452 0.243849 0.0532407 5.59538e+06 4.59121e-41 1.51549e-19 
0.208603 0.136193 -0.968471 0.138269 -0.691234 0.721069 -0.0474858 -0.0164222 0.691867 0.679346 0.244558 0.053541 5.59538e+06 4.59121e-41 1.51549e-19 
0.210611 0.134138 -0.968323 0.138782 -0.669419 0.741647 -0.0428615 -0.0173936 0.712405 0.657241 0.245994 0.0531999 5.59538e+06 4.59121e-41 1.51549e-19 
0.211831 0.132995 -0.968215 0.137776 -0.650965 0.758141 -0.038283 -0.0178746 0.728952 0.638384 0.247173 0.0542092 5.59538e+06 4.59121e-41 1.51549e-19 
0.212479 0.132096 -0.968196 0.137948 -0.630161 0.775786 -0.0324497 -0.0187024 0.746826 0.617014 0.24808 0.0540524 5.59538e+06 4.59121e-41 1.51549e-19 
0.211107 0.131568 -0.968568 0.138369 -0.603448 0.797063 -0.0232548 -0.0185849 0.76895 0.58939 0.247661 0.054522 5.59538e+06 4.59121e-41 1.51549e-19 
0.208666 0.131458 -0.969112 0.138644 -0.585215 0.81072 -0.0160341 -0.0193339 0.78357 0.570484 0.246101 0.0542409 5.59538e+06 4.59121e-41 1.51549e-19 
0.207116 0.130412 -0.969585 0.139023 -0.569366 0.82201 -0.0110613 -0.017381 0.795566 0.55434 0.244504 0.0534576 5.59538e+06 4.59121e-41 1.51549e-19 
0.204582 0.128294 -0.970406 0.139239 -0.551761 0.83398 -0.00606567 -0.018043 0.808521 0.536673 0.241405 0.052458 5.59538e+06 4.59121e-41 1.51549e-19 
0.201665 0.126505 -0.971251 0.138586 -0.537003 0.843579 -0.00162449 -0.0153221 0.819121 0.521892 0.238054 0.0520452 5.59538e+06 4.59121e-41 1.51549e-19 
0.197444 0.125103 -0.972299 0.138361 -0.523026 0.85231 0.00345373 -0.0154333 0.829132 0.507856 0.233715 0.0508312 5.59538e+06 4.59121e-41 1.51549e-19 
0.190962 0.124932 -0.973615 0.13717 -0.507291 0.861704 0.0110733 -0.0142437 0.840351 0.491791 0.227929 0.0501103 5.59538e+06 4.59121e-41 1.51549e-19 
0.186063 0.123786 -0.974709 0.136533 -0.495133 0.868673 0.0158032 -0.0143756 0.84866 0.479671 0.222918 0.0485401 5.59538e+06 4.59121e-41 1.51549e-19 
0.181193 0.120036 -0.976095 0.136088 -0.47883 0.877701 0.0190506 -0.0131824 0.859006 0.463931 0.21651 0.0469883 5.59538e+06 4.59121e-41 1.51549e-19 
0.173099 0.11348 -0.978345 0.135121 -0.45412 0.890645 0.0229596 -0.0137293 0.873963 0.440312 0.205703 0.0442654 5.59538e+06 4.59121e-41 1.51549e-19 
0.165572 0.109564 -0.980093 0.136095 -0.43764 0.898759 0.0265391 -0.0138824 0.883774 0.424534 0.196759 0.0423223 5.59538e+06 4.59121e-41 1.51549e-19 
0.156689 0.105373 -0.982011 0.135482 -0.42024 0.906908 0.0302613 -0.0143541 0.893782 0.407938 0.186385 0.0400691 5.59538e+06 4.59121e-41 1.51549e-19 
0.144851 0.0993381 -0.984454 0.135499 -0.401217 0.915376 0.033333 -0.0141903 0.904457 0.390152 0.17245 0.0374931 5.59538e+06 4.59121e-41 1.51549e-19 
0.137026 0.0932484 -0.986169 0.135094 -0.396455 0.917508 0.0316695 -0.014804 0.907771 0.386632 0.162691 0.0352772 5.59538e+06 4.59121e-41 1.51549e-19 
0.131218 0.0867533 -0.98755 0.134864 -0.400352 0.915956 0.0272683 -0.013037 0.906918 0.39179 0.154922 0.0342728 5.59538e+06 4.59121e-41 1.51549e-19 
0.127789 0.0767559 -0.988827 0.13462 -0.424894 0.905113 0.0153476 -0.0138375 0.896178 0.418186 0.148276 0.03202 5.59538e+06 4.59121e-41 1.51549e-19 
0.128353 0.069898 -0.989262 0.132016 -0.45715 0.889383 0.00352728 -0.0123596 0.880079 0.451788 0.146109 0.032194 5.59538e+06 4.59121e-41 1.51549e-19 
0.132867 0.0626506 -0.989152 0.132051 -0.510377 0.859835 -0.0140962 -0.0130412 0.849624 0.506713 0.146219 0.0311178 5.59538e+06 4.59121e-41 1.51549e-19 
0.141257 0.0553843 -0.988423 0.132125 -0.603181 0.79652 -0.0415698 -0.0113093 0.784996 0.60207 0.145921 0.0323416 5.59538e+06 4.59121e-41 1.51549e-19 
0.149283 0.0512486 -0.987466 0.13271 -0.683628 0.726874 -0.0656253 -0.0120113 0.7144 0.684856 0.143545 0.031989 5.59538e+06 4.59121e-41 1.51549e-19 
0.156325 0.0475352 -0.986561 0.132797 -0.755843 0.648743 -0.0885082 -0.00987026 0.635817 0.759522 0.137344 0.0333726 5.59538e+06 4.59121e-41 1.51549e-19 
0.164063 0.0433142 -0.985498 0.133579 -0.84278 0.525341 -0.117214 -0.0108096 0.512646 0.849789 0.122694 0.0336266 5.59538e+06 4.59121e-41 1.51549e-19 
0.166773 0.0430262 -0.985056 0.131922 -0.889461 0.437693 -0.13147 -0.0093837 0.425495 0.898095 0.111265 0.0344188 5.59538e+06 4.59121e-41 1.51549e-19 
